0	1.000000
1	0.999400
2	0.993200
3	0.989800
4	0.986200
5	0.985200
6	0.981600
7	0.970200
8	0.968200
9	0.963200
10	0.959000
11	0.944400
12	0.942400
13	0.940400
14	0.920600
15	0.911000
16	0.896400
17	0.893000
18	0.887600
19	0.878400
20	0.878800
21	0.876600
22	0.866600
23	0.854200
24	0.851600
25	0.846000
26	0.841400
27	0.827800
28	0.824000
29	0.813200
30	0.807600
31	0.789200
32	0.784000
33	0.783600
34	0.783400
35	0.773000
36	0.758400
37	0.738200
38	0.735200
39	0.720600
40	0.724200
41	0.713000
42	0.703600
43	0.690600
44	0.695000
45	0.694400
46	0.688800
47	0.685600
48	0.678000
49	0.668000
50	0.661000
51	0.647600
52	0.640600
53	0.633400
54	0.633800
55	0.628200
56	0.617200
57	0.609000
58	0.607800
59	0.597800
60	0.601400
61	0.600800
62	0.586000
63	0.581000
64	0.580400
65	0.575200
66	0.576800
67	0.571800
68	0.566200
69	0.566600
70	0.561600
71	0.546000
72	0.534600
73	0.526200
74	0.531600
75	0.528600
76	0.521800
77	0.520200
78	0.512200
79	0.506200
80	0.506000
81	0.499400
82	0.491200
83	0.488000
84	0.482000
85	0.475200
86	0.468000
87	0.463800
88	0.459000
89	0.458400
90	0.454800
91	0.440800
92	0.428200
93	0.415800
94	0.411800
95	0.408400
96	0.399000
97	0.385000
98	0.387400
99	0.381200
100	0.380600
101	0.372200
102	0.364800
103	0.361600
104	0.353800
105	0.350000
106	0.347200
107	0.347200
108	0.340800
109	0.340200
110	0.338600
111	0.328400
112	0.316800
113	0.307800
114	0.304400
115	0.306200
116	0.304400
117	0.295000
118	0.291200
119	0.284200
120	0.283000
121	0.276400
122	0.271200
123	0.273800
124	0.269800
125	0.268000
126	0.267000
127	0.263600
128	0.262000
129	0.263200
130	0.262000
131	0.254000
132	0.243200
133	0.237000
134	0.233600
135	0.235200
136	0.230600
137	0.225800
138	0.225600
139	0.217400
140	0.217200
141	0.212000
142	0.212200
143	0.210800
144	0.212200
145	0.213600
146	0.207200
147	0.203200
148	0.203400
149	0.202000
150	0.199000
151	0.190400
152	0.179200
153	0.176000
154	0.174600
155	0.174000
156	0.172800
157	0.169000
158	0.164800
159	0.160000
160	0.159400
161	0.155400
162	0.161000
163	0.157400
164	0.163200
165	0.161200
166	0.155400
167	0.154600
168	0.148400
169	0.148000
170	0.146600
171	0.144400
172	0.140200
173	0.132600
174	0.128200
175	0.123800
176	0.123600
177	0.120800
178	0.121400
179	0.118400
180	0.118200
181	0.114800
182	0.116600
183	0.111400
184	0.115600
185	0.113800
186	0.106800
187	0.100200
188	0.098000
189	0.096800
190	0.097200
191	0.095800
192	0.094400
193	0.094400
194	0.095200
195	0.092800
196	0.093200
197	0.092000
198	0.093000
199	0.092400
200	0.093000
201	0.090800
202	0.088000
203	0.081400
204	0.084400
205	0.081400
206	0.080000
207	0.076000
208	0.076400
209	0.074600
210	0.071600
211	0.070000
212	0.066600
213	0.065000
214	0.062800
215	0.061800
216	0.062200
217	0.058200
218	0.059000
219	0.058000
220	0.058800
221	0.057000
222	0.057400
223	0.056400
224	0.057800
225	0.055600
226	0.054800
227	0.051600
228	0.050600
229	0.048400
230	0.048200
231	0.048600
232	0.045200
233	0.043600
234	0.043800
235	0.044400
236	0.046000
237	0.045800
238	0.045200
239	0.043600
240	0.043600
241	0.041600
242	0.041800
243	0.042000
244	0.042600
245	0.041400
246	0.042600
247	0.039800
248	0.038600
249	0.039000
250	0.039000
251	0.038600
252	0.038000
253	0.037400
254	0.036000
255	0.035000
256	0.035200
257	0.034400
258	0.034400
259	0.033200
260	0.033200
261	0.033000
262	0.031600
263	0.031600
264	0.032000
265	0.030400
266	0.030600
267	0.028800
268	0.029400
269	0.029600
270	0.029400
271	0.030000
272	0.029400
273	0.029600
274	0.029000
275	0.030400
276	0.031000
277	0.030400
278	0.030800
279	0.029200
280	0.027800
281	0.026200
282	0.026200
283	0.026200
284	0.025800
285	0.025200
286	0.025400
287	0.025000
288	0.024800
289	0.025000
290	0.024400
291	0.025200
292	0.024600
293	0.024600
294	0.024800
295	0.023800
296	0.024200
297	0.023400
298	0.023400
299	0.023000
300	0.022200
301	0.022000
302	0.022200
303	0.021200
304	0.020200
305	0.019800
306	0.019600
307	0.018600
308	0.018200
309	0.018400
310	0.017800
311	0.017400
312	0.016800
313	0.016400
314	0.016600
315	0.016200
316	0.015800
317	0.014800
318	0.015000
319	0.014400
320	0.014600
321	0.014600
322	0.015000
323	0.015600
324	0.015600
325	0.015600
326	0.014800
327	0.014200
328	0.013600
329	0.014400
330	0.014000
331	0.013800
332	0.014000
333	0.013400
334	0.012200
335	0.012600
336	0.012600
337	0.012600
338	0.012600
339	0.012000
340	0.011000
341	0.010800
342	0.010800
343	0.010000
344	0.009600
345	0.009600
346	0.010600
347	0.010200
348	0.010400
349	0.010200
350	0.010000
351	0.009800
352	0.009800
353	0.010400
354	0.010200
355	0.010400
356	0.011200
357	0.011000
358	0.011200
359	0.010800
360	0.010600
361	0.010200
362	0.010600
363	0.011600
364	0.011200
365	0.011400
366	0.011400
367	0.010600
368	0.010200
369	0.009400
370	0.009200
371	0.008600
372	0.007600
373	0.007600
374	0.006600
375	0.006800
376	0.007400
377	0.007000
378	0.006800
379	0.007200
380	0.006800
381	0.006800
382	0.007000
383	0.007200
384	0.007200
385	0.007000
386	0.007200
387	0.007200
388	0.006400
389	0.005800
390	0.005400
391	0.005600
392	0.005600
393	0.005400
394	0.005400
395	0.006000
396	0.006400
397	0.005800
398	0.006000
399	0.005600
400	0.005400
401	0.005400
402	0.005400
403	0.005200
404	0.005200
405	0.005400
406	0.005400
407	0.004400
408	0.004200
409	0.003800
410	0.003600
411	0.003000
412	0.002800
413	0.002800
414	0.002400
415	0.002600
416	0.002800
417	0.003000
418	0.003200
419	0.003200
420	0.003200
421	0.003000
422	0.003000
423	0.003200
424	0.003400
425	0.003000
426	0.002800
427	0.002600
428	0.002200
429	0.002200
430	0.002400
431	0.002200
432	0.002200
433	0.002200
434	0.002200
435	0.002400
436	0.002400
437	0.002600
438	0.002200
439	0.002400
440	0.002400
441	0.002400
442	0.002400
443	0.002400
444	0.002600
445	0.002400
446	0.002400
447	0.002400
448	0.002400
449	0.002400
450	0.002400
451	0.002400
452	0.002200
453	0.002600
454	0.002800
455	0.002600
456	0.002600
457	0.002600
458	0.002600
459	0.002600
460	0.002400
461	0.002200
462	0.002200
463	0.002400
464	0.002200
465	0.002200
466	0.002000
467	0.001800
468	0.001600
469	0.001600
470	0.001600
471	0.001600
472	0.001600
473	0.002000
474	0.001600
475	0.001800
476	0.001800
477	0.001800
478	0.001600
479	0.001400
480	0.001400
481	0.001400
482	0.001400
483	0.001000
484	0.001000
485	0.001200
486	0.001200
487	0.001400
488	0.001200
489	0.001000
490	0.001000
491	0.001000
492	0.000800
493	0.001000
494	0.001400
495	0.001400
496	0.001400
497	0.001400
498	0.001400
499	0.001400
500	0.001400
501	0.001600
502	0.001600
503	0.001600
504	0.001600
505	0.001400
506	0.001400
507	0.001200
508	0.001200
509	0.001200
510	0.001200
511	0.001200
512	0.001200
513	0.001200
514	0.001200
515	0.001200
516	0.001200
517	0.001000
518	0.001000
519	0.001000
520	0.001000
521	0.000800
522	0.000600
523	0.000600
524	0.000600
525	0.000600
526	0.000600
527	0.000600
528	0.000600
529	0.000400
530	0.000400
531	0.000400
532	0.000400
533	0.000600
534	0.000600
535	0.000600
536	0.000600
537	0.000600
538	0.000600
539	0.000600
540	0.000600
541	0.000600
542	0.000600
543	0.000600
544	0.000600
545	0.000400
546	0.000400
547	0.000400
548	0.000400
549	0.000400
550	0.000400
551	0.000400
552	0.000200
553	0.000200
554	0.000200
555	0.000200
556	0.000200
557	0.000200
558	0.000200
559	0.000200
560	0.000400
561	0.000400
562	0.000400
563	0.000400
564	0.000400
565	0.000400
566	0.000400
567	0.000200
568	0.000200
569	0.000200
570	0.000200
571	0.000200
572	0.000200
573	0.000200
574	0.000200
575	0.000200
576	0.000200
577	0.000200
578	0.000200
579	0.000200
580	0.000200
581	0.000200
582	0.000200
583	0.000200
584	0.000200
585	0.000200
586	0.000200
587	0.000200
588	0.000200
589	0.000200
590	0.000200
591	0.000200
592	0.000200
593	0.000000
594	0.000200
595	0.000200
596	0.000200
597	0.000200
598	0.000400
599	0.000400
600	0.000200
601	0.000200
602	0.000200
603	0.000200
604	0.000200
605	0.000200
606	0.000200
607	0.000200
608	0.000200
609	0.000200
610	0.000200
611	0.000000
612	0.000000
613	0.000000
614	0.000000
615	0.000000
616	0.000000
617	0.000000
618	0.000200
619	0.000000
620	0.000000
621	0.000000
622	0.000000
623	0.000000
624	0.000000
625	0.000000
626	0.000000
627	0.000200
628	0.000200
629	0.000200
630	0.000200
631	0.000200
632	0.000000
633	0.000000
634	0.000000
635	0.000000
636	0.000000
637	0.000000
638	0.000000
639	0.000000
640	0.000000
641	0.000000
642	0.000200
643	0.000200
644	0.000200
645	0.000200
646	0.000200
647	0.000200
648	0.000200
649	0.000200
650	0.000200
651	0.000200
652	0.000200
653	0.000200
654	0.000200
655	0.000200
656	0.000200
657	0.000000
658	0.000000
659	0.000000
660	0.000000
661	0.000000
662	0.000000
663	0.000000
664	0.000000
665	0.000000
666	0.000000
667	0.000000
668	0.000000
669	0.000000
670	0.000000
671	0.000200
672	0.000200
673	0.000200
674	0.000200
675	0.000200
676	0.000200
677	0.000200
678	0.000200
679	0.000200
680	0.000200
681	0.000200
682	0.000200
683	0.000200
684	0.000200
685	0.000200
686	0.000200
687	0.000200
688	0.000200
689	0.000200
690	0.000200
691	0.000200
692	0.000200
693	0.000200
694	0.000200
695	0.000200
696	0.000000
697	0.000000
698	0.000200
699	0.000200
700	0.000200
701	0.000200
702	0.000200
703	0.000200
704	0.000200
705	0.000200
706	0.000000
707	0.000000
708	0.000000
709	0.000000
710	0.000000
711	0.000000
712	0.000000
713	0.000000
714	0.000000
715	0.000000
716	0.000000
717	0.000000
718	0.000000
719	0.000000
720	0.000000
721	0.000000
722	0.000000
723	0.000000
724	0.000000
725	0.000000
726	0.000000
727	0.000000
728	0.000000
729	0.000000
730	0.000000
731	0.000000
732	0.000000
733	0.000000
734	0.000000
735	0.000000
736	0.000000
737	0.000000
738	0.000000
739	0.000000
740	0.000000
741	0.000000
742	0.000000
743	0.000000
744	0.000000
745	0.000000
746	0.000000
747	0.000000
748	0.000000
749	0.000000
750	0.000000
751	0.000000
752	0.000000
753	0.000000
754	0.000000
755	0.000000
756	0.000000
757	0.000000
758	0.000000
759	0.000000
760	0.000000
761	0.000000
762	0.000000
763	0.000000
764	0.000000
765	0.000000
766	0.000000
767	0.000000
768	0.000000
769	0.000000
770	0.000000
771	0.000000
772	0.000000
773	0.000000
774	0.000000
775	0.000000
776	0.000000
777	0.000000
778	0.000000
779	0.000000
780	0.000000
781	0.000000
782	0.000000
783	0.000000
784	0.000000
785	0.000000
786	0.000000
787	0.000000
788	0.000000
789	0.000000
790	0.000000
791	0.000000
792	0.000000
793	0.000000
794	0.000000
795	0.000000
796	0.000000
797	0.000000
798	0.000000
799	0.000000
800	0.000000
801	0.000000
802	0.000000
803	0.000000
804	0.000000
805	0.000000
806	0.000000
807	0.000000
808	0.000000
809	0.000000
810	0.000000
811	0.000000
812	0.000000
813	0.000000
814	0.000000
815	0.000000
816	0.000000
817	0.000000
818	0.000000
819	0.000000
820	0.000000
821	0.000000
822	0.000000
823	0.000000
824	0.000000
825	0.000000
826	0.000000
827	0.000000
828	0.000000
829	0.000000
830	0.000000
831	0.000000
832	0.000000
833	0.000000
834	0.000000
835	0.000000
836	0.000000
837	0.000000
838	0.000000
839	0.000000
840	0.000000
841	0.000000
842	0.000000
843	0.000000
844	0.000000
845	0.000000
846	0.000000
847	0.000000
848	0.000000
849	0.000000
850	0.000000
851	0.000000
852	0.000000
853	0.000000
854	0.000000
855	0.000000
856	0.000000
857	0.000000
858	0.000000
859	0.000000
860	0.000000
861	0.000000
862	0.000000
863	0.000000
864	0.000000
865	0.000000
866	0.000000
867	0.000000
868	0.000000
869	0.000000
870	0.000000
871	0.000000
872	0.000000
873	0.000000
874	0.000000
875	0.000000
876	0.000000
877	0.000000
878	0.000000
879	0.000000
880	0.000000
881	0.000000
882	0.000000
883	0.000000
884	0.000000
885	0.000000
886	0.000000
887	0.000000
888	0.000000
889	0.000000
890	0.000000
891	0.000000
892	0.000000
893	0.000000
894	0.000000
895	0.000000
896	0.000000
897	0.000000
898	0.000000
899	0.000000
900	0.000000
901	0.000000
902	0.000000
903	0.000000
904	0.000000
905	0.000000
906	0.000000
907	0.000000
908	0.000000
909	0.000000
910	0.000000
911	0.000000
912	0.000000
913	0.000000
914	0.000000
915	0.000000
916	0.000000
917	0.000000
918	0.000000
919	0.000000
920	0.000000
921	0.000000
922	0.000000
923	0.000000
924	0.000000
925	0.000000
926	0.000000
927	0.000000
928	0.000000
929	0.000000
930	0.000000
931	0.000000
932	0.000000
933	0.000000
934	0.000000
935	0.000000
936	0.000000
937	0.000000
938	0.000000
939	0.000000
940	0.000000
941	0.000000
942	0.000000
943	0.000000
944	0.000000
945	0.000000
946	0.000000
947	0.000000
948	0.000000
949	0.000000
950	0.000000
951	0.000000
952	0.000000
953	0.000000
954	0.000000
955	0.000000
956	0.000000
957	0.000000
958	0.000000
959	0.000000
960	0.000000
961	0.000000
962	0.000000
963	0.000000
964	0.000000
965	0.000000
966	0.000000
967	0.000000
968	0.000000
969	0.000000
970	0.000000
971	0.000000
972	0.000000
973	0.000000
974	0.000000
975	0.000000
976	0.000000
977	0.000000
978	0.000000
979	0.000000
980	0.000000
981	0.000000
982	0.000000
983	0.000000
984	0.000000
985	0.000000
986	0.000000
987	0.000000
988	0.000000
989	0.000000
990	0.000000
991	0.000000
992	0.000000
993	0.000000
994	0.000000
995	0.000000
996	0.000000
997	0.000000
998	0.000000
999	0.000000
1000	0.000000
1001	0.000000
1002	0.000000
1003	0.000000
1004	0.000000
1005	0.000000
1006	0.000000
1007	0.000000
1008	0.000000
1009	0.000000
1010	0.000000
1011	0.000000
1012	0.000000
1013	0.000000
1014	0.000000
1015	0.000000
1016	0.000000
1017	0.000000
1018	0.000000
1019	0.000000
1020	0.000000
1021	0.000000
1022	0.000000
1023	0.000000
1024	0.000000
1025	0.000000
1026	0.000000
1027	0.000000
1028	0.000000
1029	0.000000
1030	0.000000
1031	0.000000
1032	0.000000
1033	0.000000
1034	0.000000
1035	0.000000
1036	0.000000
1037	0.000000
1038	0.000000
1039	0.000000
1040	0.000000
1041	0.000000
1042	0.000000
1043	0.000000
1044	0.000000
1045	0.000000
1046	0.000000
1047	0.000000
1048	0.000000
1049	0.000000
1050	0.000000
1051	0.000000
1052	0.000000
1053	0.000000
1054	0.000000
1055	0.000000
1056	0.000000
1057	0.000000
1058	0.000000
1059	0.000000
1060	0.000000
1061	0.000000
1062	0.000000
1063	0.000000
1064	0.000000
1065	0.000000
1066	0.000000
1067	0.000000
1068	0.000000
1069	0.000000
1070	0.000000
1071	0.000000
1072	0.000000
1073	0.000000
1074	0.000000
1075	0.000000
1076	0.000000
1077	0.000000
1078	0.000000
1079	0.000000
1080	0.000000
1081	0.000000
1082	0.000000
1083	0.000000
1084	0.000000
1085	0.000000
1086	0.000000
1087	0.000000
1088	0.000000
1089	0.000000
1090	0.000000
1091	0.000000
1092	0.000000
1093	0.000000
1094	0.000000
1095	0.000000
1096	0.000000
1097	0.000000
1098	0.000000
1099	0.000000
1100	0.000000
1101	0.000000
1102	0.000000
1103	0.000000
1104	0.000000
1105	0.000000
1106	0.000000
1107	0.000000
1108	0.000000
1109	0.000000
1110	0.000000
1111	0.000000
1112	0.000000
1113	0.000000
1114	0.000000
1115	0.000000
1116	0.000000
1117	0.000000
1118	0.000000
1119	0.000000
1120	0.000000
1121	0.000000
1122	0.000000
1123	0.000000
1124	0.000000
1125	0.000000
1126	0.000000
1127	0.000000
1128	0.000000
1129	0.000000
1130	0.000000
1131	0.000000
1132	0.000000
1133	0.000000
1134	0.000000
1135	0.000000
1136	0.000000
1137	0.000000
1138	0.000000
1139	0.000000
1140	0.000000
1141	0.000000
1142	0.000000
1143	0.000000
1144	0.000000
1145	0.000000
1146	0.000000
1147	0.000000
1148	0.000000
1149	0.000000
1150	0.000000
1151	0.000000
1152	0.000000
1153	0.000000
1154	0.000000
1155	0.000000
1156	0.000000
1157	0.000000
1158	0.000000
1159	0.000000
1160	0.000000
1161	0.000000
1162	0.000000
1163	0.000000
1164	0.000000
1165	0.000000
1166	0.000000
1167	0.000000
1168	0.000000
1169	0.000000
1170	0.000000
1171	0.000000
1172	0.000000
1173	0.000000
1174	0.000000
1175	0.000000
1176	0.000000
1177	0.000000
1178	0.000000
1179	0.000000
1180	0.000000
1181	0.000000
1182	0.000000
1183	0.000000
1184	0.000000
1185	0.000000
1186	0.000000
1187	0.000000
1188	0.000000
1189	0.000000
1190	0.000000
1191	0.000000
1192	0.000000
1193	0.000000
1194	0.000000
1195	0.000000
1196	0.000000
1197	0.000000
1198	0.000000
1199	0.000000
1200	0.000000
1201	0.000000
1202	0.000000
1203	0.000000
1204	0.000000
1205	0.000000
1206	0.000000
1207	0.000000
1208	0.000000
1209	0.000000
1210	0.000000
1211	0.000000
1212	0.000000
1213	0.000000
1214	0.000000
1215	0.000000
1216	0.000000
1217	0.000000
1218	0.000000
1219	0.000000
1220	0.000000
1221	0.000000
1222	0.000000
1223	0.000000
1224	0.000000
1225	0.000000
1226	0.000000
1227	0.000000
1228	0.000000
1229	0.000000
1230	0.000000
1231	0.000000
1232	0.000000
1233	0.000000
1234	0.000000
1235	0.000000
1236	0.000000
1237	0.000000
1238	0.000000
1239	0.000000
1240	0.000000
1241	0.000000
1242	0.000000
1243	0.000000
1244	0.000000
1245	0.000000
1246	0.000000
1247	0.000000
1248	0.000000
1249	0.000000
1250	0.000000
1251	0.000000
1252	0.000000
1253	0.000000
1254	0.000000
1255	0.000000
1256	0.000000
1257	0.000000
1258	0.000000
1259	0.000000
1260	0.000000
1261	0.000000
1262	0.000000
1263	0.000000
1264	0.000000
1265	0.000000
1266	0.000000
1267	0.000000
1268	0.000000
1269	0.000000
1270	0.000000
1271	0.000000
1272	0.000000
1273	0.000000
1274	0.000000
1275	0.000000
1276	0.000000
1277	0.000000
1278	0.000000
1279	0.000000
1280	0.000000
1281	0.000000
1282	0.000000
1283	0.000000
1284	0.000000
1285	0.000000
1286	0.000000
1287	0.000000
1288	0.000000
1289	0.000000
1290	0.000000
1291	0.000000
1292	0.000000
1293	0.000000
1294	0.000000
1295	0.000000
1296	0.000000
1297	0.000000
1298	0.000000
1299	0.000000
1300	0.000000
1301	0.000000
1302	0.000000
1303	0.000000
1304	0.000000
1305	0.000000
1306	0.000000
1307	0.000000
1308	0.000000
1309	0.000000
1310	0.000000
1311	0.000000
1312	0.000000
1313	0.000000
1314	0.000000
1315	0.000000
1316	0.000000
1317	0.000000
1318	0.000000
1319	0.000000
1320	0.000000
1321	0.000000
1322	0.000000
1323	0.000000
1324	0.000000
1325	0.000000
1326	0.000000
1327	0.000000
1328	0.000000
1329	0.000000
1330	0.000000
1331	0.000000
1332	0.000000
1333	0.000000
1334	0.000000
1335	0.000000
1336	0.000000
1337	0.000000
1338	0.000000
1339	0.000000
1340	0.000000
1341	0.000000
1342	0.000000
1343	0.000000
1344	0.000000
1345	0.000000
1346	0.000000
1347	0.000000
1348	0.000000
1349	0.000000
1350	0.000000
1351	0.000000
1352	0.000000
1353	0.000000
1354	0.000000
1355	0.000000
1356	0.000000
1357	0.000000
1358	0.000000
1359	0.000000
1360	0.000000
1361	0.000000
1362	0.000000
1363	0.000000
1364	0.000000
1365	0.000000
1366	0.000000
1367	0.000000
1368	0.000000
1369	0.000000
1370	0.000000
1371	0.000000
1372	0.000000
1373	0.000000
1374	0.000000
1375	0.000000
1376	0.000000
1377	0.000000
1378	0.000000
1379	0.000000
1380	0.000000
1381	0.000000
1382	0.000000
1383	0.000000
1384	0.000000
1385	0.000000
1386	0.000000
1387	0.000000
1388	0.000000
1389	0.000000
1390	0.000000
1391	0.000000
1392	0.000000
1393	0.000000
1394	0.000000
1395	0.000000
1396	0.000000
1397	0.000000
1398	0.000000
1399	0.000000
1400	0.000000
1401	0.000000
1402	0.000000
1403	0.000000
1404	0.000000
1405	0.000000
1406	0.000000
1407	0.000000
1408	0.000000
1409	0.000000
1410	0.000000
1411	0.000000
1412	0.000000
1413	0.000000
1414	0.000000
1415	0.000000
1416	0.000000
1417	0.000000
1418	0.000000
1419	0.000000
1420	0.000000
1421	0.000000
1422	0.000000
1423	0.000000
1424	0.000000
1425	0.000000
1426	0.000000
1427	0.000000
1428	0.000000
1429	0.000000
1430	0.000000
1431	0.000000
1432	0.000000
1433	0.000000
1434	0.000000
1435	0.000000
1436	0.000000
1437	0.000000
1438	0.000000
1439	0.000000
1440	0.000000
1441	0.000000
1442	0.000000
1443	0.000000
1444	0.000000
1445	0.000000
1446	0.000000
1447	0.000000
1448	0.000000
1449	0.000000
1450	0.000000
1451	0.000000
1452	0.000000
1453	0.000000
1454	0.000000
1455	0.000000
1456	0.000000
1457	0.000000
1458	0.000000
1459	0.000000
1460	0.000000
1461	0.000000
1462	0.000000
1463	0.000000
1464	0.000000
1465	0.000000
1466	0.000000
1467	0.000000
1468	0.000000
1469	0.000000
1470	0.000000
1471	0.000000
1472	0.000000
1473	0.000000
1474	0.000000
1475	0.000000
1476	0.000000
1477	0.000000
1478	0.000000
1479	0.000000
1480	0.000000
1481	0.000000
1482	0.000000
1483	0.000000
1484	0.000000
1485	0.000000
1486	0.000000
1487	0.000000
1488	0.000000
1489	0.000000
1490	0.000000
1491	0.000000
1492	0.000000
1493	0.000000
1494	0.000000
1495	0.000000
1496	0.000000
1497	0.000000
1498	0.000000
1499	0.000000
1500	0.000000
1501	0.000000
1502	0.000000
1503	0.000000
1504	0.000000
1505	0.000000
1506	0.000000
1507	0.000000
1508	0.000000
1509	0.000000
1510	0.000000
1511	0.000000
1512	0.000000
1513	0.000000
1514	0.000000
1515	0.000000
1516	0.000000
1517	0.000000
1518	0.000000
1519	0.000000
1520	0.000000
1521	0.000000
1522	0.000000
1523	0.000000
1524	0.000000
1525	0.000000
1526	0.000000
1527	0.000000
1528	0.000000
1529	0.000000
1530	0.000000
1531	0.000000
1532	0.000000
1533	0.000000
1534	0.000000
1535	0.000000
1536	0.000000
1537	0.000000
1538	0.000000
1539	0.000000
1540	0.000000
1541	0.000000
1542	0.000000
1543	0.000000
1544	0.000000
1545	0.000000
1546	0.000000
1547	0.000000
1548	0.000000
1549	0.000000
1550	0.000000
1551	0.000000
1552	0.000000
1553	0.000000
1554	0.000000
1555	0.000000
1556	0.000000
1557	0.000000
1558	0.000000
1559	0.000000
1560	0.000000
1561	0.000000
1562	0.000000
1563	0.000000
1564	0.000000
1565	0.000000
1566	0.000000
1567	0.000000
1568	0.000000
1569	0.000000
1570	0.000000
1571	0.000000
1572	0.000000
1573	0.000000
1574	0.000000
1575	0.000000
1576	0.000000
1577	0.000000
1578	0.000000
1579	0.000000
1580	0.000000
1581	0.000000
1582	0.000000
1583	0.000000
1584	0.000000
1585	0.000000
1586	0.000000
1587	0.000000
1588	0.000000
1589	0.000000
1590	0.000000
1591	0.000000
1592	0.000000
1593	0.000000
1594	0.000000
1595	0.000000
1596	0.000000
1597	0.000000
1598	0.000000
1599	0.000000
1600	0.000000
1601	0.000000
1602	0.000000
1603	0.000000
1604	0.000000
1605	0.000000
1606	0.000000
1607	0.000000
1608	0.000000
1609	0.000000
1610	0.000000
1611	0.000000
1612	0.000000
1613	0.000000
1614	0.000000
1615	0.000000
1616	0.000000
1617	0.000000
1618	0.000000
1619	0.000000
1620	0.000000
1621	0.000000
1622	0.000000
1623	0.000000
1624	0.000000
1625	0.000000
1626	0.000000
1627	0.000000
1628	0.000000
1629	0.000000
1630	0.000000
1631	0.000000
1632	0.000000
1633	0.000000
1634	0.000000
1635	0.000000
1636	0.000000
1637	0.000000
1638	0.000000
1639	0.000000
1640	0.000000
1641	0.000000
1642	0.000000
1643	0.000000
1644	0.000000
1645	0.000000
1646	0.000000
1647	0.000000
1648	0.000000
1649	0.000000
1650	0.000000
1651	0.000000
1652	0.000000
1653	0.000000
1654	0.000000
1655	0.000000
1656	0.000000
1657	0.000000
1658	0.000000
1659	0.000000
1660	0.000000
1661	0.000000
1662	0.000000
1663	0.000000
1664	0.000000
1665	0.000000
1666	0.000000
1667	0.000000
1668	0.000000
1669	0.000000
1670	0.000000
1671	0.000000
1672	0.000000
1673	0.000000
1674	0.000000
1675	0.000000
1676	0.000000
1677	0.000000
1678	0.000000
1679	0.000000
1680	0.000000
1681	0.000000
1682	0.000000
1683	0.000000
1684	0.000000
1685	0.000000
1686	0.000000
1687	0.000000
1688	0.000000
1689	0.000000
1690	0.000000
1691	0.000000
1692	0.000000
1693	0.000000
1694	0.000000
1695	0.000000
1696	0.000000
1697	0.000000
1698	0.000000
1699	0.000000
1700	0.000000
1701	0.000000
1702	0.000000
1703	0.000000
1704	0.000000
1705	0.000000
1706	0.000000
1707	0.000000
1708	0.000000
1709	0.000000
1710	0.000000
1711	0.000000
1712	0.000000
1713	0.000000
1714	0.000000
1715	0.000000
1716	0.000000
1717	0.000000
1718	0.000000
1719	0.000000
1720	0.000000
1721	0.000000
1722	0.000000
1723	0.000000
1724	0.000000
1725	0.000000
1726	0.000000
1727	0.000000
1728	0.000000
1729	0.000000
1730	0.000000
1731	0.000000
1732	0.000000
1733	0.000000
1734	0.000000
1735	0.000000
1736	0.000000
1737	0.000000
1738	0.000000
1739	0.000000
1740	0.000000
1741	0.000000
1742	0.000000
1743	0.000000
1744	0.000000
1745	0.000000
1746	0.000000
1747	0.000000
1748	0.000000
1749	0.000000
1750	0.000000
1751	0.000000
1752	0.000000
1753	0.000000
1754	0.000000
1755	0.000000
1756	0.000000
1757	0.000000
1758	0.000000
1759	0.000000
1760	0.000000
1761	0.000000
1762	0.000000
1763	0.000000
1764	0.000000
1765	0.000000
1766	0.000000
1767	0.000000
1768	0.000000
1769	0.000000
1770	0.000000
1771	0.000000
1772	0.000000
1773	0.000000
1774	0.000000
1775	0.000000
1776	0.000000
1777	0.000000
1778	0.000000
1779	0.000000
1780	0.000000
1781	0.000000
1782	0.000000
1783	0.000000
1784	0.000000
1785	0.000000
1786	0.000000
1787	0.000000
1788	0.000000
1789	0.000000
1790	0.000000
1791	0.000000
1792	0.000000
1793	0.000000
1794	0.000000
1795	0.000000
1796	0.000000
1797	0.000000
1798	0.000000
1799	0.000000
1800	0.000000
1801	0.000000
1802	0.000000
1803	0.000000
1804	0.000000
1805	0.000000
1806	0.000000
1807	0.000000
1808	0.000000
1809	0.000000
1810	0.000000
1811	0.000000
1812	0.000000
1813	0.000000
1814	0.000000
1815	0.000000
1816	0.000000
1817	0.000000
1818	0.000000
1819	0.000000
1820	0.000000
1821	0.000000
1822	0.000000
1823	0.000000
1824	0.000000
1825	0.000000
1826	0.000000
1827	0.000000
1828	0.000000
1829	0.000000
1830	0.000000
1831	0.000000
1832	0.000000
1833	0.000000
1834	0.000000
1835	0.000000
1836	0.000000
1837	0.000000
1838	0.000000
1839	0.000000
1840	0.000000
1841	0.000000
1842	0.000000
1843	0.000000
1844	0.000000
1845	0.000000
1846	0.000000
1847	0.000000
1848	0.000000
1849	0.000000
1850	0.000000
1851	0.000000
1852	0.000000
1853	0.000000
1854	0.000000
1855	0.000000
1856	0.000000
1857	0.000000
1858	0.000000
1859	0.000000
1860	0.000000
1861	0.000000
1862	0.000000
1863	0.000000
1864	0.000000
1865	0.000000
1866	0.000000
1867	0.000000
1868	0.000000
1869	0.000000
1870	0.000000
1871	0.000000
1872	0.000000
1873	0.000000
1874	0.000000
1875	0.000000
1876	0.000000
1877	0.000000
1878	0.000000
1879	0.000000
1880	0.000000
1881	0.000000
1882	0.000000
1883	0.000000
1884	0.000000
1885	0.000000
1886	0.000000
1887	0.000000
1888	0.000000
1889	0.000000
1890	0.000000
1891	0.000000
1892	0.000000
1893	0.000000
1894	0.000000
1895	0.000000
1896	0.000000
1897	0.000000
1898	0.000000
1899	0.000000
1900	0.000000
1901	0.000000
1902	0.000000
1903	0.000000
1904	0.000000
1905	0.000000
1906	0.000000
1907	0.000000
1908	0.000000
1909	0.000000
1910	0.000000
1911	0.000000
1912	0.000000
1913	0.000000
1914	0.000000
1915	0.000000
1916	0.000000
1917	0.000000
1918	0.000000
1919	0.000000
1920	0.000000
1921	0.000000
1922	0.000000
1923	0.000000
1924	0.000000
1925	0.000000
1926	0.000000
1927	0.000000
1928	0.000000
1929	0.000000
1930	0.000000
1931	0.000000
1932	0.000000
1933	0.000000
1934	0.000000
1935	0.000000
1936	0.000000
1937	0.000000
1938	0.000000
1939	0.000000
1940	0.000000
1941	0.000000
1942	0.000000
1943	0.000000
1944	0.000000
1945	0.000000
1946	0.000000
1947	0.000000
1948	0.000000
1949	0.000000
1950	0.000000
1951	0.000000
1952	0.000000
1953	0.000000
1954	0.000000
1955	0.000000
1956	0.000000
1957	0.000000
1958	0.000000
1959	0.000000
1960	0.000000
1961	0.000000
1962	0.000000
1963	0.000000
1964	0.000000
1965	0.000000
1966	0.000000
1967	0.000000
1968	0.000000
1969	0.000000
1970	0.000000
1971	0.000000
1972	0.000000
1973	0.000000
1974	0.000000
1975	0.000000
1976	0.000000
1977	0.000000
1978	0.000000
1979	0.000000
1980	0.000000
1981	0.000000
1982	0.000000
1983	0.000000
1984	0.000000
1985	0.000000
1986	0.000000
1987	0.000000
1988	0.000000
1989	0.000000
1990	0.000000
1991	0.000000
1992	0.000000
1993	0.000000
1994	0.000000
1995	0.000000
1996	0.000000
1997	0.000000
1998	0.000000
1999	0.000000
