0	1.000000
1	0.999400
2	0.999000
3	0.996800
4	0.993200
5	0.991600
6	0.985800
7	0.978600
8	0.970200
9	0.968200
10	0.962000
11	0.955200
12	0.951000
13	0.939800
14	0.936200
15	0.931600
16	0.915800
17	0.912800
18	0.908000
19	0.902000
20	0.902000
21	0.891400
22	0.886000
23	0.882800
24	0.871800
25	0.866000
26	0.858000
27	0.844000
28	0.833400
29	0.833400
30	0.823200
31	0.815200
32	0.803800
33	0.797200
34	0.780600
35	0.779200
36	0.774600
37	0.769600
38	0.765000
39	0.765200
40	0.762000
41	0.744200
42	0.742600
43	0.736400
44	0.724800
45	0.725400
46	0.721600
47	0.706200
48	0.694200
49	0.691800
50	0.683400
51	0.670200
52	0.658800
53	0.648600
54	0.644000
55	0.646800
56	0.635000
57	0.629000
58	0.618800
59	0.617400
60	0.611200
61	0.596400
62	0.592000
63	0.589200
64	0.581000
65	0.577200
66	0.575400
67	0.567200
68	0.555000
69	0.550000
70	0.547000
71	0.540600
72	0.536600
73	0.532800
74	0.529000
75	0.530000
76	0.516400
77	0.512400
78	0.501000
79	0.498400
80	0.493000
81	0.480800
82	0.482200
83	0.474600
84	0.459400
85	0.453600
86	0.450200
87	0.440800
88	0.431800
89	0.429600
90	0.429600
91	0.423600
92	0.417600
93	0.412600
94	0.411200
95	0.407000
96	0.396400
97	0.392800
98	0.385800
99	0.382600
100	0.379200
101	0.370600
102	0.370800
103	0.363000
104	0.357800
105	0.357200
106	0.353200
107	0.344800
108	0.335800
109	0.337200
110	0.332800
111	0.329400
112	0.331200
113	0.327400
114	0.326800
115	0.319600
116	0.308400
117	0.306800
118	0.301800
119	0.299800
120	0.295400
121	0.285600
122	0.284400
123	0.276800
124	0.272600
125	0.266600
126	0.261200
127	0.255400
128	0.249200
129	0.250800
130	0.249600
131	0.247400
132	0.245600
133	0.239800
134	0.242400
135	0.240400
136	0.230800
137	0.231800
138	0.229000
139	0.227200
140	0.224600
141	0.219400
142	0.221400
143	0.216800
144	0.213000
145	0.206200
146	0.205200
147	0.200600
148	0.196200
149	0.195400
150	0.191200
151	0.189000
152	0.189800
153	0.191600
154	0.189000
155	0.188800
156	0.186600
157	0.190800
158	0.186000
159	0.184200
160	0.181000
161	0.173800
162	0.175000
163	0.170400
164	0.166400
165	0.161600
166	0.159000
167	0.152800
168	0.150600
169	0.150800
170	0.146400
171	0.143000
172	0.144400
173	0.145600
174	0.143800
175	0.144200
176	0.139000
177	0.141600
178	0.141000
179	0.139200
180	0.136600
181	0.129400
182	0.132200
183	0.127000
184	0.123400
185	0.119000
186	0.117600
187	0.115600
188	0.110600
189	0.109800
190	0.108800
191	0.107600
192	0.109200
193	0.108200
194	0.108600
195	0.107800
196	0.105600
197	0.105000
198	0.104200
199	0.104000
200	0.101400
201	0.100600
202	0.101600
203	0.099200
204	0.099000
205	0.097000
206	0.095600
207	0.095000
208	0.091000
209	0.089200
210	0.087400
211	0.085600
212	0.086800
213	0.084000
214	0.086200
215	0.086400
216	0.083800
217	0.085600
218	0.086200
219	0.083800
220	0.082800
221	0.078400
222	0.079000
223	0.076600
224	0.077000
225	0.074400
226	0.074600
227	0.072600
228	0.070200
229	0.069400
230	0.068400
231	0.067800
232	0.066800
233	0.065200
234	0.066800
235	0.065400
236	0.062600
237	0.063800
238	0.064600
239	0.064200
240	0.063600
241	0.062000
242	0.065400
243	0.064000
244	0.063400
245	0.063000
246	0.063000
247	0.062000
248	0.059400
249	0.059200
250	0.058400
251	0.056000
252	0.054800
253	0.052600
254	0.053200
255	0.055200
256	0.053600
257	0.053800
258	0.055400
259	0.055200
260	0.055600
261	0.055200
262	0.055600
263	0.057000
264	0.056800
265	0.055400
266	0.054000
267	0.052200
268	0.050200
269	0.050200
270	0.048000
271	0.047200
272	0.045800
273	0.044000
274	0.044400
275	0.044800
276	0.044200
277	0.045600
278	0.044400
279	0.044800
280	0.046200
281	0.045000
282	0.045000
283	0.045000
284	0.044600
285	0.044400
286	0.044000
287	0.042200
288	0.042000
289	0.041400
290	0.040600
291	0.039200
292	0.037200
293	0.034400
294	0.034000
295	0.035200
296	0.034200
297	0.034000
298	0.033400
299	0.032400
300	0.031200
301	0.030000
302	0.029600
303	0.029800
304	0.029600
305	0.028000
306	0.027400
307	0.026400
308	0.026600
309	0.027200
310	0.028200
311	0.028400
312	0.027000
313	0.026200
314	0.026400
315	0.025600
316	0.024400
317	0.024000
318	0.024600
319	0.024800
320	0.024200
321	0.023000
322	0.023400
323	0.023400
324	0.023600
325	0.023600
326	0.022800
327	0.022800
328	0.022000
329	0.022000
330	0.022000
331	0.022600
332	0.021400
333	0.020400
334	0.020400
335	0.019800
336	0.017600
337	0.017800
338	0.017600
339	0.017400
340	0.016000
341	0.014600
342	0.014000
343	0.015000
344	0.014600
345	0.013800
346	0.013400
347	0.013400
348	0.013600
349	0.012400
350	0.012200
351	0.011200
352	0.011000
353	0.010800
354	0.010200
355	0.010600
356	0.010000
357	0.009400
358	0.009600
359	0.009000
360	0.008800
361	0.009200
362	0.008400
363	0.009000
364	0.008600
365	0.009200
366	0.008200
367	0.008400
368	0.008400
369	0.008200
370	0.009400
371	0.008400
372	0.007800
373	0.007200
374	0.006600
375	0.007200
376	0.008000
377	0.007600
378	0.006800
379	0.006600
380	0.006200
381	0.005800
382	0.006000
383	0.005600
384	0.005800
385	0.006000
386	0.006200
387	0.006600
388	0.006200
389	0.006400
390	0.006400
391	0.006800
392	0.006200
393	0.006400
394	0.006400
395	0.006200
396	0.006400
397	0.006400
398	0.007000
399	0.007200
400	0.007400
401	0.007000
402	0.007000
403	0.007200
404	0.007200
405	0.007200
406	0.007600
407	0.007200
408	0.006400
409	0.006800
410	0.006600
411	0.006400
412	0.006600
413	0.007000
414	0.007000
415	0.007400
416	0.007600
417	0.007000
418	0.007000
419	0.007200
420	0.007200
421	0.006800
422	0.006600
423	0.006400
424	0.006200
425	0.007000
426	0.007600
427	0.007600
428	0.007000
429	0.006800
430	0.006600
431	0.006400
432	0.006200
433	0.006000
434	0.006000
435	0.006000
436	0.006200
437	0.006400
438	0.006200
439	0.006000
440	0.006200
441	0.005600
442	0.006400
443	0.006200
444	0.006000
445	0.006000
446	0.006000
447	0.006000
448	0.005600
449	0.005600
450	0.005400
451	0.005200
452	0.005000
453	0.005400
454	0.004800
455	0.004800
456	0.004800
457	0.004800
458	0.004800
459	0.005200
460	0.005200
461	0.005200
462	0.005400
463	0.005400
464	0.005400
465	0.005200
466	0.004800
467	0.004800
468	0.004600
469	0.004400
470	0.003800
471	0.004000
472	0.003600
473	0.003200
474	0.003200
475	0.003600
476	0.003600
477	0.003800
478	0.003800
479	0.003600
480	0.003600
481	0.003000
482	0.002600
483	0.002600
484	0.002800
485	0.003000
486	0.002800
487	0.002800
488	0.002800
489	0.002600
490	0.002600
491	0.002800
492	0.002800
493	0.003000
494	0.002800
495	0.002800
496	0.002400
497	0.002400
498	0.002400
499	0.002400
500	0.002400
501	0.002200
502	0.002200
503	0.002200
504	0.002200
505	0.002200
506	0.002200
507	0.002400
508	0.002600
509	0.002600
510	0.002200
511	0.002200
512	0.002400
513	0.002200
514	0.002200
515	0.002600
516	0.002600
517	0.002600
518	0.002600
519	0.002400
520	0.002400
521	0.002400
522	0.002400
523	0.002400
524	0.002400
525	0.002000
526	0.001800
527	0.001800
528	0.001800
529	0.001600
530	0.001800
531	0.002000
532	0.001800
533	0.001800
534	0.001400
535	0.001200
536	0.001000
537	0.001400
538	0.001600
539	0.001600
540	0.001600
541	0.001600
542	0.001600
543	0.001400
544	0.001600
545	0.001600
546	0.001600
547	0.001600
548	0.001400
549	0.001400
550	0.001200
551	0.001200
552	0.001200
553	0.001400
554	0.001400
555	0.001200
556	0.000200
557	0.000200
558	0.000200
559	0.000200
560	0.000200
561	0.000200
562	0.000200
563	0.000200
564	0.000200
565	0.000200
566	0.000200
567	0.000200
568	0.000200
569	0.000200
570	0.000200
571	0.000200
572	0.000000
573	0.000000
574	0.000000
575	0.000000
576	0.000200
577	0.000200
578	0.000200
579	0.000200
580	0.000200
581	0.000200
582	0.000200
583	0.000200
584	0.000200
585	0.000200
586	0.000400
587	0.000400
588	0.000200
589	0.000200
590	0.000400
591	0.000200
592	0.000200
593	0.000200
594	0.000200
595	0.000200
596	0.000200
597	0.000200
598	0.000200
599	0.000200
600	0.000200
601	0.000200
602	0.000200
603	0.000200
604	0.000200
605	0.000200
606	0.000200
607	0.000200
608	0.000200
609	0.000200
610	0.000200
611	0.000200
612	0.000200
613	0.000200
614	0.000200
615	0.000200
616	0.000200
617	0.000200
618	0.000200
619	0.000200
620	0.000200
621	0.000200
622	0.000200
623	0.000200
624	0.000200
625	0.000200
626	0.000200
627	0.000200
628	0.000200
629	0.000200
630	0.000200
631	0.000200
632	0.000200
633	0.000200
634	0.000200
635	0.000200
636	0.000200
637	0.000200
638	0.000200
639	0.000200
640	0.000200
641	0.000200
642	0.000200
643	0.000200
644	0.000200
645	0.000200
646	0.000200
647	0.000200
648	0.000200
649	0.000000
650	0.000000
651	0.000000
652	0.000000
653	0.000000
654	0.000000
655	0.000000
656	0.000000
657	0.000000
658	0.000000
659	0.000000
660	0.000000
661	0.000000
662	0.000000
663	0.000000
664	0.000000
665	0.000000
666	0.000000
667	0.000000
668	0.000000
669	0.000000
670	0.000000
671	0.000000
672	0.000000
673	0.000000
674	0.000000
675	0.000000
676	0.000000
677	0.000000
678	0.000000
679	0.000000
680	0.000000
681	0.000000
682	0.000000
683	0.000200
684	0.000200
685	0.000200
686	0.000200
687	0.000200
688	0.000200
689	0.000200
690	0.000200
691	0.000200
692	0.000200
693	0.000200
694	0.000200
695	0.000200
696	0.000200
697	0.000200
698	0.000200
699	0.000200
700	0.000200
701	0.000200
702	0.000200
703	0.000200
704	0.000200
705	0.000200
706	0.000200
707	0.000200
708	0.000200
709	0.000200
710	0.000200
711	0.000200
712	0.000200
713	0.000200
714	0.000200
715	0.000200
716	0.000200
717	0.000200
718	0.000200
719	0.000200
720	0.000200
721	0.000200
722	0.000200
723	0.000200
724	0.000200
725	0.000200
726	0.000200
727	0.000200
728	0.000200
729	0.000200
730	0.000200
731	0.000200
732	0.000200
733	0.000200
734	0.000200
735	0.000000
736	0.000000
737	0.000000
738	0.000000
739	0.000000
740	0.000000
741	0.000000
742	0.000000
743	0.000000
744	0.000000
745	0.000000
746	0.000000
747	0.000000
748	0.000000
749	0.000000
750	0.000000
751	0.000000
752	0.000000
753	0.000000
754	0.000000
755	0.000000
756	0.000000
757	0.000000
758	0.000000
759	0.000000
760	0.000000
761	0.000000
762	0.000000
763	0.000000
764	0.000000
765	0.000000
766	0.000000
767	0.000000
768	0.000000
769	0.000000
770	0.000000
771	0.000000
772	0.000000
773	0.000000
774	0.000000
775	0.000000
776	0.000000
777	0.000000
778	0.000000
779	0.000000
780	0.000000
781	0.000000
782	0.000000
783	0.000000
784	0.000000
785	0.000000
786	0.000000
787	0.000000
788	0.000000
789	0.000000
790	0.000000
791	0.000000
792	0.000000
793	0.000000
794	0.000000
795	0.000000
796	0.000000
797	0.000000
798	0.000000
799	0.000000
800	0.000000
801	0.000000
802	0.000000
803	0.000000
804	0.000000
805	0.000000
806	0.000000
807	0.000000
808	0.000000
809	0.000000
810	0.000000
811	0.000000
812	0.000000
813	0.000000
814	0.000000
815	0.000000
816	0.000000
817	0.000000
818	0.000000
819	0.000000
820	0.000000
821	0.000000
822	0.000000
823	0.000000
824	0.000000
825	0.000000
826	0.000000
827	0.000000
828	0.000000
829	0.000000
830	0.000000
831	0.000000
832	0.000000
833	0.000000
834	0.000000
835	0.000000
836	0.000000
837	0.000000
838	0.000000
839	0.000000
840	0.000000
841	0.000000
842	0.000000
843	0.000000
844	0.000000
845	0.000000
846	0.000000
847	0.000000
848	0.000000
849	0.000000
850	0.000000
851	0.000000
852	0.000000
853	0.000000
854	0.000000
855	0.000000
856	0.000000
857	0.000000
858	0.000000
859	0.000000
860	0.000000
861	0.000000
862	0.000000
863	0.000000
864	0.000000
865	0.000000
866	0.000000
867	0.000000
868	0.000000
869	0.000000
870	0.000000
871	0.000000
872	0.000000
873	0.000000
874	0.000000
875	0.000000
876	0.000000
877	0.000000
878	0.000000
879	0.000000
880	0.000000
881	0.000000
882	0.000000
883	0.000000
884	0.000000
885	0.000000
886	0.000000
887	0.000000
888	0.000000
889	0.000000
890	0.000000
891	0.000000
892	0.000000
893	0.000000
894	0.000000
895	0.000000
896	0.000000
897	0.000000
898	0.000000
899	0.000000
900	0.000000
901	0.000000
902	0.000000
903	0.000000
904	0.000000
905	0.000000
906	0.000000
907	0.000000
908	0.000000
909	0.000000
910	0.000000
911	0.000000
912	0.000000
913	0.000000
914	0.000000
915	0.000000
916	0.000000
917	0.000000
918	0.000000
919	0.000000
920	0.000000
921	0.000000
922	0.000000
923	0.000000
924	0.000000
925	0.000000
926	0.000000
927	0.000000
928	0.000000
929	0.000000
930	0.000000
931	0.000000
932	0.000000
933	0.000000
934	0.000000
935	0.000000
936	0.000000
937	0.000000
938	0.000000
939	0.000000
940	0.000000
941	0.000000
942	0.000000
943	0.000000
944	0.000000
945	0.000000
946	0.000000
947	0.000000
948	0.000000
949	0.000000
950	0.000000
951	0.000000
952	0.000000
953	0.000000
954	0.000000
955	0.000000
956	0.000000
957	0.000000
958	0.000000
959	0.000000
960	0.000000
961	0.000000
962	0.000000
963	0.000000
964	0.000000
965	0.000000
966	0.000000
967	0.000000
968	0.000000
969	0.000000
970	0.000000
971	0.000000
972	0.000000
973	0.000000
974	0.000000
975	0.000000
976	0.000000
977	0.000000
978	0.000000
979	0.000000
980	0.000000
981	0.000000
982	0.000000
983	0.000000
984	0.000000
985	0.000000
986	0.000000
987	0.000000
988	0.000000
989	0.000000
990	0.000000
991	0.000000
992	0.000000
993	0.000000
994	0.000000
995	0.000000
996	0.000000
997	0.000000
998	0.000000
999	0.000000
1000	0.000000
1001	0.000000
1002	0.000000
1003	0.000000
1004	0.000000
1005	0.000000
1006	0.000000
1007	0.000000
1008	0.000000
1009	0.000000
1010	0.000000
1011	0.000000
1012	0.000000
1013	0.000000
1014	0.000000
1015	0.000000
1016	0.000000
1017	0.000000
1018	0.000000
1019	0.000000
1020	0.000000
1021	0.000000
1022	0.000000
1023	0.000000
1024	0.000000
1025	0.000000
1026	0.000000
1027	0.000000
1028	0.000000
1029	0.000000
1030	0.000000
1031	0.000000
1032	0.000000
1033	0.000000
1034	0.000000
1035	0.000000
1036	0.000000
1037	0.000000
1038	0.000000
1039	0.000000
1040	0.000000
1041	0.000000
1042	0.000000
1043	0.000000
1044	0.000000
1045	0.000000
1046	0.000000
1047	0.000000
1048	0.000000
1049	0.000000
1050	0.000000
1051	0.000000
1052	0.000000
1053	0.000000
1054	0.000000
1055	0.000000
1056	0.000000
1057	0.000000
1058	0.000000
1059	0.000000
1060	0.000000
1061	0.000000
1062	0.000000
1063	0.000000
1064	0.000000
1065	0.000000
1066	0.000000
1067	0.000000
1068	0.000000
1069	0.000000
1070	0.000000
1071	0.000000
1072	0.000000
1073	0.000000
1074	0.000000
1075	0.000000
1076	0.000000
1077	0.000000
1078	0.000000
1079	0.000000
1080	0.000000
1081	0.000000
1082	0.000000
1083	0.000000
1084	0.000000
1085	0.000000
1086	0.000000
1087	0.000000
1088	0.000000
1089	0.000000
1090	0.000000
1091	0.000000
1092	0.000000
1093	0.000000
1094	0.000000
1095	0.000000
1096	0.000000
1097	0.000000
1098	0.000000
1099	0.000000
1100	0.000000
1101	0.000000
1102	0.000000
1103	0.000000
1104	0.000000
1105	0.000000
1106	0.000000
1107	0.000000
1108	0.000000
1109	0.000000
1110	0.000000
1111	0.000000
1112	0.000000
1113	0.000000
1114	0.000000
1115	0.000000
1116	0.000000
1117	0.000000
1118	0.000000
1119	0.000000
1120	0.000000
1121	0.000000
1122	0.000000
1123	0.000000
1124	0.000000
1125	0.000000
1126	0.000000
1127	0.000000
1128	0.000000
1129	0.000000
1130	0.000000
1131	0.000000
1132	0.000000
1133	0.000000
1134	0.000000
1135	0.000000
1136	0.000000
1137	0.000000
1138	0.000000
1139	0.000000
1140	0.000000
1141	0.000000
1142	0.000000
1143	0.000000
1144	0.000000
1145	0.000000
1146	0.000000
1147	0.000000
1148	0.000000
1149	0.000000
1150	0.000000
1151	0.000000
1152	0.000000
1153	0.000000
1154	0.000000
1155	0.000000
1156	0.000000
1157	0.000000
1158	0.000000
1159	0.000000
1160	0.000000
1161	0.000000
1162	0.000000
1163	0.000000
1164	0.000000
1165	0.000000
1166	0.000000
1167	0.000000
1168	0.000000
1169	0.000000
1170	0.000000
1171	0.000000
1172	0.000000
1173	0.000000
1174	0.000000
1175	0.000000
1176	0.000000
1177	0.000000
1178	0.000000
1179	0.000000
1180	0.000000
1181	0.000000
1182	0.000000
1183	0.000000
1184	0.000000
1185	0.000000
1186	0.000000
1187	0.000000
1188	0.000000
1189	0.000000
1190	0.000000
1191	0.000000
1192	0.000000
1193	0.000000
1194	0.000000
1195	0.000000
1196	0.000000
1197	0.000000
1198	0.000000
1199	0.000000
1200	0.000000
1201	0.000000
1202	0.000000
1203	0.000000
1204	0.000000
1205	0.000000
1206	0.000000
1207	0.000000
1208	0.000000
1209	0.000000
1210	0.000000
1211	0.000000
1212	0.000000
1213	0.000000
1214	0.000000
1215	0.000000
1216	0.000000
1217	0.000000
1218	0.000000
1219	0.000000
1220	0.000000
1221	0.000000
1222	0.000000
1223	0.000000
1224	0.000000
1225	0.000000
1226	0.000000
1227	0.000000
1228	0.000000
1229	0.000000
1230	0.000000
1231	0.000000
1232	0.000000
1233	0.000000
1234	0.000000
1235	0.000000
1236	0.000000
1237	0.000000
1238	0.000000
1239	0.000000
1240	0.000000
1241	0.000000
1242	0.000000
1243	0.000000
1244	0.000000
1245	0.000000
1246	0.000000
1247	0.000000
1248	0.000000
1249	0.000000
1250	0.000000
1251	0.000000
1252	0.000000
1253	0.000000
1254	0.000000
1255	0.000000
1256	0.000000
1257	0.000000
1258	0.000000
1259	0.000000
1260	0.000000
1261	0.000000
1262	0.000000
1263	0.000000
1264	0.000000
1265	0.000000
1266	0.000000
1267	0.000000
1268	0.000000
1269	0.000000
1270	0.000000
1271	0.000000
1272	0.000000
1273	0.000000
1274	0.000000
1275	0.000000
1276	0.000000
1277	0.000000
1278	0.000000
1279	0.000000
1280	0.000000
1281	0.000000
1282	0.000000
1283	0.000000
1284	0.000000
1285	0.000000
1286	0.000000
1287	0.000000
1288	0.000000
1289	0.000000
1290	0.000000
1291	0.000000
1292	0.000000
1293	0.000000
1294	0.000000
1295	0.000000
1296	0.000000
1297	0.000000
1298	0.000000
1299	0.000000
1300	0.000000
1301	0.000000
1302	0.000000
1303	0.000000
1304	0.000000
1305	0.000000
1306	0.000000
1307	0.000000
1308	0.000000
1309	0.000000
1310	0.000000
1311	0.000000
1312	0.000000
1313	0.000000
1314	0.000000
1315	0.000000
1316	0.000000
1317	0.000000
1318	0.000000
1319	0.000000
1320	0.000000
1321	0.000000
1322	0.000000
1323	0.000000
1324	0.000000
1325	0.000000
1326	0.000000
1327	0.000000
1328	0.000000
1329	0.000000
1330	0.000000
1331	0.000000
1332	0.000000
1333	0.000000
1334	0.000000
1335	0.000000
1336	0.000000
1337	0.000000
1338	0.000000
1339	0.000000
1340	0.000000
1341	0.000000
1342	0.000000
1343	0.000000
1344	0.000000
1345	0.000000
1346	0.000000
1347	0.000000
1348	0.000000
1349	0.000000
1350	0.000000
1351	0.000000
1352	0.000000
1353	0.000000
1354	0.000000
1355	0.000000
1356	0.000000
1357	0.000000
1358	0.000000
1359	0.000000
1360	0.000000
1361	0.000000
1362	0.000000
1363	0.000000
1364	0.000000
1365	0.000000
1366	0.000000
1367	0.000000
1368	0.000000
1369	0.000000
1370	0.000000
1371	0.000000
1372	0.000000
1373	0.000000
1374	0.000000
1375	0.000000
1376	0.000000
1377	0.000000
1378	0.000000
1379	0.000000
1380	0.000000
1381	0.000000
1382	0.000000
1383	0.000000
1384	0.000000
1385	0.000000
1386	0.000000
1387	0.000000
1388	0.000000
1389	0.000000
1390	0.000000
1391	0.000000
1392	0.000000
1393	0.000000
1394	0.000000
1395	0.000000
1396	0.000000
1397	0.000000
1398	0.000000
1399	0.000000
1400	0.000000
1401	0.000000
1402	0.000000
1403	0.000000
1404	0.000000
1405	0.000000
1406	0.000000
1407	0.000000
1408	0.000000
1409	0.000000
1410	0.000000
1411	0.000000
1412	0.000000
1413	0.000000
1414	0.000000
1415	0.000000
1416	0.000000
1417	0.000000
1418	0.000000
1419	0.000000
1420	0.000000
1421	0.000000
1422	0.000000
1423	0.000000
1424	0.000000
1425	0.000000
1426	0.000000
1427	0.000000
1428	0.000000
1429	0.000000
1430	0.000000
1431	0.000000
1432	0.000000
1433	0.000000
1434	0.000000
1435	0.000000
1436	0.000000
1437	0.000000
1438	0.000000
1439	0.000000
1440	0.000000
1441	0.000000
1442	0.000000
1443	0.000000
1444	0.000000
1445	0.000000
1446	0.000000
1447	0.000000
1448	0.000000
1449	0.000000
1450	0.000000
1451	0.000000
1452	0.000000
1453	0.000000
1454	0.000000
1455	0.000000
1456	0.000000
1457	0.000000
1458	0.000000
1459	0.000000
1460	0.000000
1461	0.000000
1462	0.000000
1463	0.000000
1464	0.000000
1465	0.000000
1466	0.000000
1467	0.000000
1468	0.000000
1469	0.000000
1470	0.000000
1471	0.000000
1472	0.000000
1473	0.000000
1474	0.000000
1475	0.000000
1476	0.000000
1477	0.000000
1478	0.000000
1479	0.000000
1480	0.000000
1481	0.000000
1482	0.000000
1483	0.000000
1484	0.000000
1485	0.000000
1486	0.000000
1487	0.000000
1488	0.000000
1489	0.000000
1490	0.000000
1491	0.000000
1492	0.000000
1493	0.000000
1494	0.000000
1495	0.000000
1496	0.000000
1497	0.000000
1498	0.000000
1499	0.000000
1500	0.000000
1501	0.000000
1502	0.000000
1503	0.000000
1504	0.000000
1505	0.000000
1506	0.000000
1507	0.000000
1508	0.000000
1509	0.000000
1510	0.000000
1511	0.000000
1512	0.000000
1513	0.000000
1514	0.000000
1515	0.000000
1516	0.000000
1517	0.000000
1518	0.000000
1519	0.000000
1520	0.000000
1521	0.000000
1522	0.000000
1523	0.000000
1524	0.000000
1525	0.000000
1526	0.000000
1527	0.000000
1528	0.000000
1529	0.000000
1530	0.000000
1531	0.000000
1532	0.000000
1533	0.000000
1534	0.000000
1535	0.000000
1536	0.000000
1537	0.000000
1538	0.000000
1539	0.000000
1540	0.000000
1541	0.000000
1542	0.000000
1543	0.000000
1544	0.000000
1545	0.000000
1546	0.000000
1547	0.000000
1548	0.000000
1549	0.000000
1550	0.000000
1551	0.000000
1552	0.000000
1553	0.000000
1554	0.000000
1555	0.000000
1556	0.000000
1557	0.000000
1558	0.000000
1559	0.000000
1560	0.000000
1561	0.000000
1562	0.000000
1563	0.000000
1564	0.000000
1565	0.000000
1566	0.000000
1567	0.000000
1568	0.000000
1569	0.000000
1570	0.000000
1571	0.000000
1572	0.000000
1573	0.000000
1574	0.000000
1575	0.000000
1576	0.000000
1577	0.000000
1578	0.000000
1579	0.000000
1580	0.000000
1581	0.000000
1582	0.000000
1583	0.000000
1584	0.000000
1585	0.000000
1586	0.000000
1587	0.000000
1588	0.000000
1589	0.000000
1590	0.000000
1591	0.000000
1592	0.000000
1593	0.000000
1594	0.000000
1595	0.000000
1596	0.000000
1597	0.000000
1598	0.000000
1599	0.000000
1600	0.000000
1601	0.000000
1602	0.000000
1603	0.000000
1604	0.000000
1605	0.000000
1606	0.000000
1607	0.000000
1608	0.000000
1609	0.000000
1610	0.000000
1611	0.000000
1612	0.000000
1613	0.000000
1614	0.000000
1615	0.000000
1616	0.000000
1617	0.000000
1618	0.000000
1619	0.000000
1620	0.000000
1621	0.000000
1622	0.000000
1623	0.000000
1624	0.000000
1625	0.000000
1626	0.000000
1627	0.000000
1628	0.000000
1629	0.000000
1630	0.000000
1631	0.000000
1632	0.000000
1633	0.000000
1634	0.000000
1635	0.000000
1636	0.000000
1637	0.000000
1638	0.000000
1639	0.000000
1640	0.000000
1641	0.000000
1642	0.000000
1643	0.000000
1644	0.000000
1645	0.000000
1646	0.000000
1647	0.000000
1648	0.000000
1649	0.000000
1650	0.000000
1651	0.000000
1652	0.000000
1653	0.000000
1654	0.000000
1655	0.000000
1656	0.000000
1657	0.000000
1658	0.000000
1659	0.000000
1660	0.000000
1661	0.000000
1662	0.000000
1663	0.000000
1664	0.000000
1665	0.000000
1666	0.000000
1667	0.000000
1668	0.000000
1669	0.000000
1670	0.000000
1671	0.000000
1672	0.000000
1673	0.000000
1674	0.000000
1675	0.000000
1676	0.000000
1677	0.000000
1678	0.000000
1679	0.000000
1680	0.000000
1681	0.000000
1682	0.000000
1683	0.000000
1684	0.000000
1685	0.000000
1686	0.000000
1687	0.000000
1688	0.000000
1689	0.000000
1690	0.000000
1691	0.000000
1692	0.000000
1693	0.000000
1694	0.000000
1695	0.000000
1696	0.000000
1697	0.000000
1698	0.000000
1699	0.000000
1700	0.000000
1701	0.000000
1702	0.000000
1703	0.000000
1704	0.000000
1705	0.000000
1706	0.000000
1707	0.000000
1708	0.000000
1709	0.000000
1710	0.000000
1711	0.000000
1712	0.000000
1713	0.000000
1714	0.000000
1715	0.000000
1716	0.000000
1717	0.000000
1718	0.000000
1719	0.000000
1720	0.000000
1721	0.000000
1722	0.000000
1723	0.000000
1724	0.000000
1725	0.000000
1726	0.000000
1727	0.000000
1728	0.000000
1729	0.000000
1730	0.000000
1731	0.000000
1732	0.000000
1733	0.000000
1734	0.000000
1735	0.000000
1736	0.000000
1737	0.000000
1738	0.000000
1739	0.000000
1740	0.000000
1741	0.000000
1742	0.000000
1743	0.000000
1744	0.000000
1745	0.000000
1746	0.000000
1747	0.000000
1748	0.000000
1749	0.000000
1750	0.000000
1751	0.000000
1752	0.000000
1753	0.000000
1754	0.000000
1755	0.000000
1756	0.000000
1757	0.000000
1758	0.000000
1759	0.000000
1760	0.000000
1761	0.000000
1762	0.000000
1763	0.000000
1764	0.000000
1765	0.000000
1766	0.000000
1767	0.000000
1768	0.000000
1769	0.000000
1770	0.000000
1771	0.000000
1772	0.000000
1773	0.000000
1774	0.000000
1775	0.000000
1776	0.000000
1777	0.000000
1778	0.000000
1779	0.000000
1780	0.000000
1781	0.000000
1782	0.000000
1783	0.000000
1784	0.000000
1785	0.000000
1786	0.000000
1787	0.000000
1788	0.000000
1789	0.000000
1790	0.000000
1791	0.000000
1792	0.000000
1793	0.000000
1794	0.000000
1795	0.000000
1796	0.000000
1797	0.000000
1798	0.000000
1799	0.000000
1800	0.000000
1801	0.000000
1802	0.000000
1803	0.000000
1804	0.000000
1805	0.000000
1806	0.000000
1807	0.000000
1808	0.000000
1809	0.000000
1810	0.000000
1811	0.000000
1812	0.000000
1813	0.000000
1814	0.000000
1815	0.000000
1816	0.000000
1817	0.000000
1818	0.000000
1819	0.000000
1820	0.000000
1821	0.000000
1822	0.000000
1823	0.000000
1824	0.000000
1825	0.000000
1826	0.000000
1827	0.000000
1828	0.000000
1829	0.000000
1830	0.000000
1831	0.000000
1832	0.000000
1833	0.000000
1834	0.000000
1835	0.000000
1836	0.000000
1837	0.000000
1838	0.000000
1839	0.000000
1840	0.000000
1841	0.000000
1842	0.000000
1843	0.000000
1844	0.000000
1845	0.000000
1846	0.000000
1847	0.000000
1848	0.000000
1849	0.000000
1850	0.000000
1851	0.000000
1852	0.000000
1853	0.000000
1854	0.000000
1855	0.000000
1856	0.000000
1857	0.000000
1858	0.000000
1859	0.000000
1860	0.000000
1861	0.000000
1862	0.000000
1863	0.000000
1864	0.000000
1865	0.000000
1866	0.000000
1867	0.000000
1868	0.000000
1869	0.000000
1870	0.000000
1871	0.000000
1872	0.000000
1873	0.000000
1874	0.000000
1875	0.000000
1876	0.000000
1877	0.000000
1878	0.000000
1879	0.000000
1880	0.000000
1881	0.000000
1882	0.000000
1883	0.000000
1884	0.000000
1885	0.000000
1886	0.000000
1887	0.000000
1888	0.000000
1889	0.000000
1890	0.000000
1891	0.000000
1892	0.000000
1893	0.000000
1894	0.000000
1895	0.000000
1896	0.000000
1897	0.000000
1898	0.000000
1899	0.000000
1900	0.000000
1901	0.000000
1902	0.000000
1903	0.000000
1904	0.000000
1905	0.000000
1906	0.000000
1907	0.000000
1908	0.000000
1909	0.000000
1910	0.000000
1911	0.000000
1912	0.000000
1913	0.000000
1914	0.000000
1915	0.000000
1916	0.000000
1917	0.000000
1918	0.000000
1919	0.000000
1920	0.000000
1921	0.000000
1922	0.000000
1923	0.000000
1924	0.000000
1925	0.000000
1926	0.000000
1927	0.000000
1928	0.000000
1929	0.000000
1930	0.000000
1931	0.000000
1932	0.000000
1933	0.000000
1934	0.000000
1935	0.000000
1936	0.000000
1937	0.000000
1938	0.000000
1939	0.000000
1940	0.000000
1941	0.000000
1942	0.000000
1943	0.000000
1944	0.000000
1945	0.000000
1946	0.000000
1947	0.000000
1948	0.000000
1949	0.000000
1950	0.000000
1951	0.000000
1952	0.000000
1953	0.000000
1954	0.000000
1955	0.000000
1956	0.000000
1957	0.000000
1958	0.000000
1959	0.000000
1960	0.000000
1961	0.000000
1962	0.000000
1963	0.000000
1964	0.000000
1965	0.000000
1966	0.000000
1967	0.000000
1968	0.000000
1969	0.000000
1970	0.000000
1971	0.000000
1972	0.000000
1973	0.000000
1974	0.000000
1975	0.000000
1976	0.000000
1977	0.000000
1978	0.000000
1979	0.000000
1980	0.000000
1981	0.000000
1982	0.000000
1983	0.000000
1984	0.000000
1985	0.000000
1986	0.000000
1987	0.000000
1988	0.000000
1989	0.000000
1990	0.000000
1991	0.000000
1992	0.000000
1993	0.000000
1994	0.000000
1995	0.000000
1996	0.000000
1997	0.000000
1998	0.000000
1999	0.000000
