0	1.000000
1	0.999600
2	0.999000
3	0.995600
4	0.993200
5	0.989600
6	0.985000
7	0.976600
8	0.970600
9	0.964000
10	0.962200
11	0.959400
12	0.953000
13	0.947200
14	0.932600
15	0.924400
16	0.907600
17	0.894600
18	0.887800
19	0.881000
20	0.878200
21	0.875600
22	0.872000
23	0.859200
24	0.847400
25	0.834400
26	0.831000
27	0.828000
28	0.817800
29	0.814000
30	0.813600
31	0.803600
32	0.795800
33	0.794800
34	0.788400
35	0.777400
36	0.758000
37	0.750200
38	0.747800
39	0.741000
40	0.735000
41	0.736200
42	0.733000
43	0.715000
44	0.703600
45	0.692400
46	0.699000
47	0.695200
48	0.690600
49	0.687200
50	0.681200
51	0.677400
52	0.671600
53	0.670200
54	0.666000
55	0.655000
56	0.634200
57	0.623400
58	0.620600
59	0.615400
60	0.606000
61	0.609600
62	0.601600
63	0.580800
64	0.573200
65	0.564600
66	0.564400
67	0.564200
68	0.563400
69	0.559400
70	0.557600
71	0.558200
72	0.551200
73	0.545800
74	0.546000
75	0.544800
76	0.531800
77	0.522400
78	0.519600
79	0.510800
80	0.503800
81	0.505800
82	0.508400
83	0.491600
84	0.479400
85	0.475200
86	0.474600
87	0.470200
88	0.469200
89	0.468200
90	0.463800
91	0.462200
92	0.455600
93	0.452000
94	0.446800
95	0.443600
96	0.434000
97	0.427000
98	0.420400
99	0.420200
100	0.417000
101	0.417200
102	0.416600
103	0.401000
104	0.390800
105	0.382600
106	0.384400
107	0.380200
108	0.382000
109	0.378800
110	0.377000
111	0.372000
112	0.364200
113	0.357000
114	0.354400
115	0.350200
116	0.350800
117	0.353000
118	0.351800
119	0.347600
120	0.344600
121	0.342400
122	0.332000
123	0.321200
124	0.313600
125	0.306400
126	0.308000
127	0.308400
128	0.305600
129	0.303600
130	0.298400
131	0.294200
132	0.291600
133	0.286000
134	0.286600
135	0.282000
136	0.279000
137	0.279000
138	0.278200
139	0.275800
140	0.274600
141	0.271000
142	0.268400
143	0.267200
144	0.261400
145	0.255600
146	0.257600
147	0.258800
148	0.254200
149	0.251400
150	0.249400
151	0.251400
152	0.248600
153	0.241200
154	0.239200
155	0.231800
156	0.229000
157	0.226800
158	0.229400
159	0.226600
160	0.227600
161	0.222600
162	0.222600
163	0.218800
164	0.217400
165	0.209800
166	0.213600
167	0.215000
168	0.212800
169	0.212200
170	0.207600
171	0.206400
172	0.203400
173	0.201000
174	0.197400
175	0.192600
176	0.193200
177	0.190800
178	0.194800
179	0.193600
180	0.191000
181	0.188800
182	0.186000
183	0.178600
184	0.175200
185	0.167800
186	0.167200
187	0.165000
188	0.162200
189	0.160400
190	0.155200
191	0.152600
192	0.151400
193	0.146800
194	0.143400
195	0.140800
196	0.136600
197	0.134400
198	0.137400
199	0.136200
200	0.134400
201	0.130600
202	0.129400
203	0.124400
204	0.121800
205	0.115000
206	0.112400
207	0.110200
208	0.108800
209	0.106200
210	0.102800
211	0.104200
212	0.102000
213	0.101200
214	0.098800
215	0.097800
216	0.093200
217	0.092000
218	0.093800
219	0.091800
220	0.089200
221	0.088800
222	0.089200
223	0.085800
224	0.085200
225	0.080400
226	0.080200
227	0.079600
228	0.078600
229	0.077400
230	0.074800
231	0.074800
232	0.074600
233	0.073200
234	0.071000
235	0.070400
236	0.068200
237	0.068400
238	0.068800
239	0.069800
240	0.072000
241	0.071400
242	0.070600
243	0.068400
244	0.066800
245	0.062800
246	0.061600
247	0.061400
248	0.063000
249	0.062000
250	0.060000
251	0.060200
252	0.059000
253	0.058600
254	0.057400
255	0.057000
256	0.056400
257	0.055200
258	0.052000
259	0.052400
260	0.052200
261	0.050800
262	0.050600
263	0.050000
264	0.048400
265	0.047200
266	0.046800
267	0.046400
268	0.046000
269	0.045600
270	0.043600
271	0.044000
272	0.044000
273	0.041600
274	0.041600
275	0.042000
276	0.039800
277	0.038400
278	0.038800
279	0.039400
280	0.038000
281	0.037000
282	0.036600
283	0.035200
284	0.034600
285	0.032800
286	0.031800
287	0.031400
288	0.030000
289	0.029000
290	0.029000
291	0.030200
292	0.030400
293	0.029000
294	0.027400
295	0.026800
296	0.025600
297	0.025400
298	0.025000
299	0.024800
300	0.024600
301	0.023800
302	0.024800
303	0.023600
304	0.022800
305	0.021200
306	0.020000
307	0.020000
308	0.020200
309	0.018400
310	0.018200
311	0.019400
312	0.019400
313	0.019400
314	0.018600
315	0.019600
316	0.019200
317	0.019400
318	0.019600
319	0.020600
320	0.020600
321	0.019400
322	0.018400
323	0.018600
324	0.018000
325	0.017400
326	0.017400
327	0.017800
328	0.017400
329	0.017600
330	0.018000
331	0.017200
332	0.016600
333	0.016200
334	0.016400
335	0.016800
336	0.015800
337	0.015400
338	0.015200
339	0.014800
340	0.014400
341	0.013600
342	0.013600
343	0.014000
344	0.013600
345	0.012600
346	0.012800
347	0.012000
348	0.011800
349	0.011400
350	0.011200
351	0.011600
352	0.011000
353	0.010600
354	0.010600
355	0.010600
356	0.010400
357	0.010600
358	0.010800
359	0.010400
360	0.010200
361	0.009400
362	0.009400
363	0.009400
364	0.008600
365	0.008600
366	0.008200
367	0.008200
368	0.007400
369	0.006800
370	0.007200
371	0.007000
372	0.007000
373	0.007000
374	0.006600
375	0.006800
376	0.006800
377	0.006600
378	0.006000
379	0.005600
380	0.006200
381	0.006000
382	0.006400
383	0.006000
384	0.005600
385	0.005600
386	0.005600
387	0.005200
388	0.005200
389	0.005400
390	0.005000
391	0.004600
392	0.004800
393	0.005200
394	0.005800
395	0.005200
396	0.004800
397	0.004600
398	0.004200
399	0.004200
400	0.004000
401	0.003800
402	0.003600
403	0.004000
404	0.003800
405	0.003200
406	0.003200
407	0.002800
408	0.002600
409	0.002800
410	0.002600
411	0.002600
412	0.002800
413	0.003000
414	0.002800
415	0.002800
416	0.002000
417	0.002000
418	0.002000
419	0.001800
420	0.001800
421	0.001800
422	0.001800
423	0.002000
424	0.001600
425	0.001600
426	0.001600
427	0.001600
428	0.001400
429	0.001200
430	0.001000
431	0.001000
432	0.001200
433	0.001400
434	0.001200
435	0.001600
436	0.001600
437	0.001800
438	0.001800
439	0.001800
440	0.001600
441	0.001400
442	0.001400
443	0.001400
444	0.001200
445	0.001000
446	0.001200
447	0.001000
448	0.001000
449	0.000800
450	0.000800
451	0.000800
452	0.000800
453	0.000800
454	0.000600
455	0.000600
456	0.000400
457	0.000600
458	0.000600
459	0.000600
460	0.000600
461	0.000600
462	0.000600
463	0.000600
464	0.000600
465	0.000800
466	0.001000
467	0.001000
468	0.001200
469	0.001400
470	0.001400
471	0.001800
472	0.001800
473	0.001600
474	0.001600
475	0.001600
476	0.001600
477	0.001400
478	0.001400
479	0.001200
480	0.001200
481	0.001200
482	0.001400
483	0.001200
484	0.001200
485	0.000800
486	0.000800
487	0.000400
488	0.000400
489	0.000600
490	0.000600
491	0.001000
492	0.001000
493	0.001200
494	0.001000
495	0.001000
496	0.000800
497	0.001000
498	0.001400
499	0.001400
500	0.001400
501	0.001400
502	0.001600
503	0.001600
504	0.001800
505	0.001400
506	0.001400
507	0.001400
508	0.001200
509	0.001200
510	0.001600
511	0.001400
512	0.001400
513	0.001400
514	0.001400
515	0.001400
516	0.001600
517	0.001400
518	0.001200
519	0.001400
520	0.001200
521	0.001200
522	0.000800
523	0.000600
524	0.000600
525	0.000600
526	0.000600
527	0.000600
528	0.000600
529	0.000600
530	0.000600
531	0.000600
532	0.000600
533	0.000600
534	0.000600
535	0.000600
536	0.000600
537	0.000600
538	0.000600
539	0.000600
540	0.000400
541	0.000400
542	0.000400
543	0.000400
544	0.000400
545	0.000400
546	0.000400
547	0.000400
548	0.000400
549	0.000400
550	0.000400
551	0.000400
552	0.000400
553	0.000400
554	0.000400
555	0.000600
556	0.000600
557	0.000600
558	0.001000
559	0.001000
560	0.000800
561	0.000800
562	0.000800
563	0.000800
564	0.000800
565	0.000800
566	0.000800
567	0.001000
568	0.001000
569	0.000800
570	0.000800
571	0.000800
572	0.000800
573	0.001000
574	0.001000
575	0.000800
576	0.000600
577	0.000600
578	0.000600
579	0.000600
580	0.000400
581	0.000400
582	0.000400
583	0.000400
584	0.000400
585	0.000400
586	0.000400
587	0.000400
588	0.000400
589	0.000400
590	0.000400
591	0.000400
592	0.000400
593	0.000400
594	0.000400
595	0.000400
596	0.000400
597	0.000400
598	0.000400
599	0.000400
600	0.000600
601	0.000600
602	0.000600
603	0.000600
604	0.000600
605	0.000600
606	0.000600
607	0.000600
608	0.000200
609	0.000200
610	0.000200
611	0.000200
612	0.000200
613	0.000200
614	0.000200
615	0.000400
616	0.000600
617	0.000600
618	0.000600
619	0.000600
620	0.000600
621	0.000600
622	0.000600
623	0.000400
624	0.000400
625	0.000400
626	0.000400
627	0.000400
628	0.000400
629	0.000400
630	0.000400
631	0.000400
632	0.000400
633	0.000200
634	0.000200
635	0.000200
636	0.000200
637	0.000200
638	0.000200
639	0.000200
640	0.000200
641	0.000200
642	0.000200
643	0.000200
644	0.000200
645	0.000200
646	0.000200
647	0.000200
648	0.000200
649	0.000200
650	0.000200
651	0.000200
652	0.000200
653	0.000200
654	0.000400
655	0.000400
656	0.000400
657	0.000400
658	0.000400
659	0.000400
660	0.000400
661	0.000400
662	0.000400
663	0.000600
664	0.000600
665	0.000600
666	0.000600
667	0.000600
668	0.000600
669	0.000600
670	0.000600
671	0.000600
672	0.000600
673	0.000600
674	0.000600
675	0.000600
676	0.000600
677	0.000600
678	0.000600
679	0.000600
680	0.000600
681	0.000600
682	0.000400
683	0.000400
684	0.000400
685	0.000400
686	0.000400
687	0.000400
688	0.000400
689	0.000400
690	0.000400
691	0.000400
692	0.000400
693	0.000400
694	0.000400
695	0.000600
696	0.000600
697	0.000600
698	0.000600
699	0.000600
700	0.000600
701	0.000600
702	0.000600
703	0.000600
704	0.000600
705	0.000600
706	0.000600
707	0.000600
708	0.000600
709	0.000600
710	0.000600
711	0.000600
712	0.000600
713	0.000600
714	0.000200
715	0.000200
716	0.000200
717	0.000200
718	0.000200
719	0.000200
720	0.000200
721	0.000200
722	0.000200
723	0.000200
724	0.000000
725	0.000000
726	0.000000
727	0.000000
728	0.000000
729	0.000000
730	0.000000
731	0.000000
732	0.000000
733	0.000000
734	0.000000
735	0.000000
736	0.000000
737	0.000000
738	0.000000
739	0.000000
740	0.000000
741	0.000000
742	0.000000
743	0.000000
744	0.000000
745	0.000000
746	0.000000
747	0.000000
748	0.000000
749	0.000000
750	0.000000
751	0.000000
752	0.000000
753	0.000000
754	0.000000
755	0.000000
756	0.000000
757	0.000000
758	0.000000
759	0.000000
760	0.000000
761	0.000000
762	0.000000
763	0.000000
764	0.000000
765	0.000000
766	0.000000
767	0.000000
768	0.000000
769	0.000000
770	0.000000
771	0.000000
772	0.000000
773	0.000000
774	0.000000
775	0.000000
776	0.000000
777	0.000000
778	0.000200
779	0.000200
780	0.000200
781	0.000200
782	0.000200
783	0.000200
784	0.000200
785	0.000200
786	0.000200
787	0.000200
788	0.000200
789	0.000200
790	0.000200
791	0.000200
792	0.000200
793	0.000200
794	0.000200
795	0.000200
796	0.000200
797	0.000200
798	0.000200
799	0.000200
800	0.000200
801	0.000200
802	0.000200
803	0.000200
804	0.000200
805	0.000200
806	0.000200
807	0.000200
808	0.000200
809	0.000200
810	0.000200
811	0.000200
812	0.000200
813	0.000200
814	0.000200
815	0.000200
816	0.000200
817	0.000200
818	0.000200
819	0.000200
820	0.000200
821	0.000200
822	0.000200
823	0.000200
824	0.000200
825	0.000200
826	0.000200
827	0.000200
828	0.000200
829	0.000200
830	0.000200
831	0.000200
832	0.000200
833	0.000200
834	0.000200
835	0.000200
836	0.000200
837	0.000200
838	0.000200
839	0.000200
840	0.000200
841	0.000200
842	0.000200
843	0.000200
844	0.000200
845	0.000200
846	0.000200
847	0.000200
848	0.000200
849	0.000200
850	0.000200
851	0.000200
852	0.000200
853	0.000200
854	0.000200
855	0.000200
856	0.000200
857	0.000200
858	0.000200
859	0.000200
860	0.000200
861	0.000200
862	0.000200
863	0.000200
864	0.000000
865	0.000000
866	0.000000
867	0.000000
868	0.000000
869	0.000000
870	0.000000
871	0.000000
872	0.000000
873	0.000000
874	0.000000
875	0.000000
876	0.000000
877	0.000000
878	0.000000
879	0.000000
880	0.000000
881	0.000000
882	0.000000
883	0.000000
884	0.000000
885	0.000000
886	0.000000
887	0.000000
888	0.000000
889	0.000000
890	0.000000
891	0.000200
892	0.000200
893	0.000200
894	0.000200
895	0.000200
896	0.000200
897	0.000200
898	0.000200
899	0.000200
900	0.000200
901	0.000000
902	0.000200
903	0.000200
904	0.000200
905	0.000200
906	0.000200
907	0.000000
908	0.000000
909	0.000000
910	0.000000
911	0.000000
912	0.000000
913	0.000000
914	0.000000
915	0.000000
916	0.000000
917	0.000000
918	0.000000
919	0.000000
920	0.000000
921	0.000000
922	0.000000
923	0.000000
924	0.000000
925	0.000000
926	0.000000
927	0.000000
928	0.000000
929	0.000000
930	0.000000
931	0.000000
932	0.000000
933	0.000000
934	0.000000
935	0.000000
936	0.000000
937	0.000000
938	0.000000
939	0.000000
940	0.000000
941	0.000000
942	0.000000
943	0.000000
944	0.000000
945	0.000000
946	0.000000
947	0.000000
948	0.000000
949	0.000000
950	0.000000
951	0.000000
952	0.000000
953	0.000000
954	0.000000
955	0.000000
956	0.000000
957	0.000000
958	0.000000
959	0.000000
960	0.000000
961	0.000000
962	0.000000
963	0.000000
964	0.000000
965	0.000000
966	0.000000
967	0.000000
968	0.000000
969	0.000000
970	0.000000
971	0.000000
972	0.000000
973	0.000000
974	0.000000
975	0.000000
976	0.000000
977	0.000000
978	0.000000
979	0.000000
980	0.000000
981	0.000000
982	0.000000
983	0.000000
984	0.000000
985	0.000000
986	0.000000
987	0.000000
988	0.000000
989	0.000000
990	0.000000
991	0.000000
992	0.000000
993	0.000000
994	0.000000
995	0.000000
996	0.000000
997	0.000000
998	0.000000
999	0.000000
1000	0.000000
1001	0.000000
1002	0.000000
1003	0.000000
1004	0.000000
1005	0.000000
1006	0.000000
1007	0.000000
1008	0.000000
1009	0.000000
1010	0.000000
1011	0.000000
1012	0.000000
1013	0.000000
1014	0.000000
1015	0.000000
1016	0.000000
1017	0.000000
1018	0.000000
1019	0.000000
1020	0.000000
1021	0.000000
1022	0.000000
1023	0.000000
1024	0.000000
1025	0.000000
1026	0.000000
1027	0.000000
1028	0.000000
1029	0.000000
1030	0.000000
1031	0.000000
1032	0.000000
1033	0.000000
1034	0.000000
1035	0.000000
1036	0.000000
1037	0.000000
1038	0.000000
1039	0.000000
1040	0.000000
1041	0.000000
1042	0.000000
1043	0.000000
1044	0.000000
1045	0.000000
1046	0.000000
1047	0.000000
1048	0.000000
1049	0.000000
1050	0.000000
1051	0.000000
1052	0.000000
1053	0.000000
1054	0.000000
1055	0.000000
1056	0.000000
1057	0.000000
1058	0.000000
1059	0.000000
1060	0.000000
1061	0.000000
1062	0.000000
1063	0.000000
1064	0.000000
1065	0.000000
1066	0.000000
1067	0.000000
1068	0.000000
1069	0.000000
1070	0.000000
1071	0.000000
1072	0.000000
1073	0.000000
1074	0.000000
1075	0.000000
1076	0.000000
1077	0.000000
1078	0.000000
1079	0.000000
1080	0.000000
1081	0.000000
1082	0.000000
1083	0.000000
1084	0.000000
1085	0.000000
1086	0.000000
1087	0.000000
1088	0.000000
1089	0.000000
1090	0.000000
1091	0.000000
1092	0.000000
1093	0.000000
1094	0.000000
1095	0.000000
1096	0.000000
1097	0.000000
1098	0.000000
1099	0.000000
1100	0.000000
1101	0.000000
1102	0.000000
1103	0.000000
1104	0.000000
1105	0.000000
1106	0.000000
1107	0.000000
1108	0.000000
1109	0.000000
1110	0.000000
1111	0.000000
1112	0.000000
1113	0.000000
1114	0.000000
1115	0.000000
1116	0.000000
1117	0.000000
1118	0.000000
1119	0.000000
1120	0.000000
1121	0.000000
1122	0.000000
1123	0.000000
1124	0.000000
1125	0.000000
1126	0.000000
1127	0.000000
1128	0.000000
1129	0.000000
1130	0.000000
1131	0.000000
1132	0.000000
1133	0.000000
1134	0.000000
1135	0.000000
1136	0.000000
1137	0.000000
1138	0.000000
1139	0.000000
1140	0.000000
1141	0.000000
1142	0.000000
1143	0.000000
1144	0.000000
1145	0.000000
1146	0.000000
1147	0.000000
1148	0.000000
1149	0.000000
1150	0.000000
1151	0.000000
1152	0.000000
1153	0.000000
1154	0.000000
1155	0.000000
1156	0.000000
1157	0.000000
1158	0.000000
1159	0.000000
1160	0.000000
1161	0.000000
1162	0.000000
1163	0.000000
1164	0.000000
1165	0.000000
1166	0.000000
1167	0.000000
1168	0.000000
1169	0.000000
1170	0.000000
1171	0.000000
1172	0.000000
1173	0.000000
1174	0.000000
1175	0.000000
1176	0.000000
1177	0.000000
1178	0.000000
1179	0.000000
1180	0.000000
1181	0.000000
1182	0.000000
1183	0.000000
1184	0.000000
1185	0.000000
1186	0.000000
1187	0.000000
1188	0.000000
1189	0.000000
1190	0.000000
1191	0.000000
1192	0.000000
1193	0.000000
1194	0.000000
1195	0.000000
1196	0.000000
1197	0.000000
1198	0.000000
1199	0.000000
1200	0.000000
1201	0.000000
1202	0.000000
1203	0.000000
1204	0.000000
1205	0.000000
1206	0.000000
1207	0.000000
1208	0.000000
1209	0.000000
1210	0.000000
1211	0.000000
1212	0.000000
1213	0.000000
1214	0.000000
1215	0.000000
1216	0.000000
1217	0.000000
1218	0.000000
1219	0.000000
1220	0.000000
1221	0.000000
1222	0.000000
1223	0.000000
1224	0.000000
1225	0.000000
1226	0.000000
1227	0.000000
1228	0.000000
1229	0.000000
1230	0.000000
1231	0.000000
1232	0.000000
1233	0.000000
1234	0.000000
1235	0.000000
1236	0.000000
1237	0.000000
1238	0.000000
1239	0.000000
1240	0.000000
1241	0.000000
1242	0.000000
1243	0.000000
1244	0.000000
1245	0.000000
1246	0.000000
1247	0.000000
1248	0.000000
1249	0.000000
1250	0.000000
1251	0.000000
1252	0.000000
1253	0.000000
1254	0.000000
1255	0.000000
1256	0.000000
1257	0.000000
1258	0.000000
1259	0.000000
1260	0.000000
1261	0.000000
1262	0.000000
1263	0.000000
1264	0.000000
1265	0.000000
1266	0.000000
1267	0.000000
1268	0.000000
1269	0.000000
1270	0.000000
1271	0.000000
1272	0.000000
1273	0.000000
1274	0.000000
1275	0.000000
1276	0.000000
1277	0.000000
1278	0.000000
1279	0.000000
1280	0.000000
1281	0.000000
1282	0.000000
1283	0.000000
1284	0.000000
1285	0.000000
1286	0.000000
1287	0.000000
1288	0.000000
1289	0.000000
1290	0.000000
1291	0.000000
1292	0.000000
1293	0.000000
1294	0.000000
1295	0.000000
1296	0.000000
1297	0.000000
1298	0.000000
1299	0.000000
1300	0.000000
1301	0.000000
1302	0.000000
1303	0.000000
1304	0.000000
1305	0.000000
1306	0.000000
1307	0.000000
1308	0.000000
1309	0.000000
1310	0.000000
1311	0.000000
1312	0.000000
1313	0.000000
1314	0.000000
1315	0.000000
1316	0.000000
1317	0.000000
1318	0.000000
1319	0.000000
1320	0.000000
1321	0.000000
1322	0.000000
1323	0.000000
1324	0.000000
1325	0.000000
1326	0.000000
1327	0.000000
1328	0.000000
1329	0.000000
1330	0.000000
1331	0.000000
1332	0.000000
1333	0.000000
1334	0.000000
1335	0.000000
1336	0.000000
1337	0.000000
1338	0.000000
1339	0.000000
1340	0.000000
1341	0.000000
1342	0.000000
1343	0.000000
1344	0.000000
1345	0.000000
1346	0.000000
1347	0.000000
1348	0.000000
1349	0.000000
1350	0.000000
1351	0.000000
1352	0.000000
1353	0.000000
1354	0.000000
1355	0.000000
1356	0.000000
1357	0.000000
1358	0.000000
1359	0.000000
1360	0.000000
1361	0.000000
1362	0.000000
1363	0.000000
1364	0.000000
1365	0.000000
1366	0.000000
1367	0.000000
1368	0.000000
1369	0.000000
1370	0.000000
1371	0.000000
1372	0.000000
1373	0.000000
1374	0.000000
1375	0.000000
1376	0.000000
1377	0.000000
1378	0.000000
1379	0.000000
1380	0.000000
1381	0.000000
1382	0.000000
1383	0.000000
1384	0.000000
1385	0.000000
1386	0.000000
1387	0.000000
1388	0.000000
1389	0.000000
1390	0.000000
1391	0.000000
1392	0.000000
1393	0.000000
1394	0.000000
1395	0.000000
1396	0.000000
1397	0.000000
1398	0.000000
1399	0.000000
1400	0.000000
1401	0.000000
1402	0.000000
1403	0.000000
1404	0.000000
1405	0.000000
1406	0.000000
1407	0.000000
1408	0.000000
1409	0.000000
1410	0.000000
1411	0.000000
1412	0.000000
1413	0.000000
1414	0.000000
1415	0.000000
1416	0.000000
1417	0.000000
1418	0.000000
1419	0.000000
1420	0.000000
1421	0.000000
1422	0.000000
1423	0.000000
1424	0.000000
1425	0.000000
1426	0.000000
1427	0.000000
1428	0.000000
1429	0.000000
1430	0.000000
1431	0.000000
1432	0.000000
1433	0.000000
1434	0.000000
1435	0.000000
1436	0.000000
1437	0.000000
1438	0.000000
1439	0.000000
1440	0.000000
1441	0.000000
1442	0.000000
1443	0.000000
1444	0.000000
1445	0.000000
1446	0.000000
1447	0.000000
1448	0.000000
1449	0.000000
1450	0.000000
1451	0.000000
1452	0.000000
1453	0.000000
1454	0.000000
1455	0.000000
1456	0.000000
1457	0.000000
1458	0.000000
1459	0.000000
1460	0.000000
1461	0.000000
1462	0.000000
1463	0.000000
1464	0.000000
1465	0.000000
1466	0.000000
1467	0.000000
1468	0.000000
1469	0.000000
1470	0.000000
1471	0.000000
1472	0.000000
1473	0.000000
1474	0.000000
1475	0.000000
1476	0.000000
1477	0.000000
1478	0.000000
1479	0.000000
1480	0.000000
1481	0.000000
1482	0.000000
1483	0.000000
1484	0.000000
1485	0.000000
1486	0.000000
1487	0.000000
1488	0.000000
1489	0.000000
1490	0.000000
1491	0.000000
1492	0.000000
1493	0.000000
1494	0.000000
1495	0.000000
1496	0.000000
1497	0.000000
1498	0.000000
1499	0.000000
1500	0.000000
1501	0.000000
1502	0.000000
1503	0.000000
1504	0.000000
1505	0.000000
1506	0.000000
1507	0.000000
1508	0.000000
1509	0.000000
1510	0.000000
1511	0.000000
1512	0.000000
1513	0.000000
1514	0.000000
1515	0.000000
1516	0.000000
1517	0.000000
1518	0.000000
1519	0.000000
1520	0.000000
1521	0.000000
1522	0.000000
1523	0.000000
1524	0.000000
1525	0.000000
1526	0.000000
1527	0.000000
1528	0.000000
1529	0.000000
1530	0.000000
1531	0.000000
1532	0.000000
1533	0.000000
1534	0.000000
1535	0.000000
1536	0.000000
1537	0.000000
1538	0.000000
1539	0.000000
1540	0.000000
1541	0.000000
1542	0.000000
1543	0.000000
1544	0.000000
1545	0.000000
1546	0.000000
1547	0.000000
1548	0.000000
1549	0.000000
1550	0.000000
1551	0.000000
1552	0.000000
1553	0.000000
1554	0.000000
1555	0.000000
1556	0.000000
1557	0.000000
1558	0.000000
1559	0.000000
1560	0.000000
1561	0.000000
1562	0.000000
1563	0.000000
1564	0.000000
1565	0.000000
1566	0.000000
1567	0.000000
1568	0.000000
1569	0.000000
1570	0.000000
1571	0.000000
1572	0.000000
1573	0.000000
1574	0.000000
1575	0.000000
1576	0.000000
1577	0.000000
1578	0.000000
1579	0.000000
1580	0.000000
1581	0.000000
1582	0.000000
1583	0.000000
1584	0.000000
1585	0.000000
1586	0.000000
1587	0.000000
1588	0.000000
1589	0.000000
1590	0.000000
1591	0.000000
1592	0.000000
1593	0.000000
1594	0.000000
1595	0.000000
1596	0.000000
1597	0.000000
1598	0.000000
1599	0.000000
1600	0.000000
1601	0.000000
1602	0.000000
1603	0.000000
1604	0.000000
1605	0.000000
1606	0.000000
1607	0.000000
1608	0.000000
1609	0.000000
1610	0.000000
1611	0.000000
1612	0.000000
1613	0.000000
1614	0.000000
1615	0.000000
1616	0.000000
1617	0.000000
1618	0.000000
1619	0.000000
1620	0.000000
1621	0.000000
1622	0.000000
1623	0.000000
1624	0.000000
1625	0.000000
1626	0.000000
1627	0.000000
1628	0.000000
1629	0.000000
1630	0.000000
1631	0.000000
1632	0.000000
1633	0.000000
1634	0.000000
1635	0.000000
1636	0.000000
1637	0.000000
1638	0.000000
1639	0.000000
1640	0.000000
1641	0.000000
1642	0.000000
1643	0.000000
1644	0.000000
1645	0.000000
1646	0.000000
1647	0.000000
1648	0.000000
1649	0.000000
1650	0.000000
1651	0.000000
1652	0.000000
1653	0.000000
1654	0.000000
1655	0.000000
1656	0.000000
1657	0.000000
1658	0.000000
1659	0.000000
1660	0.000000
1661	0.000000
1662	0.000000
1663	0.000000
1664	0.000000
1665	0.000000
1666	0.000000
1667	0.000000
1668	0.000000
1669	0.000000
1670	0.000000
1671	0.000000
1672	0.000000
1673	0.000000
1674	0.000000
1675	0.000000
1676	0.000000
1677	0.000000
1678	0.000000
1679	0.000000
1680	0.000000
1681	0.000000
1682	0.000000
1683	0.000000
1684	0.000000
1685	0.000000
1686	0.000000
1687	0.000000
1688	0.000000
1689	0.000000
1690	0.000000
1691	0.000000
1692	0.000000
1693	0.000000
1694	0.000000
1695	0.000000
1696	0.000000
1697	0.000000
1698	0.000000
1699	0.000000
1700	0.000000
1701	0.000000
1702	0.000000
1703	0.000000
1704	0.000000
1705	0.000000
1706	0.000000
1707	0.000000
1708	0.000000
1709	0.000000
1710	0.000000
1711	0.000000
1712	0.000000
1713	0.000000
1714	0.000000
1715	0.000000
1716	0.000000
1717	0.000000
1718	0.000000
1719	0.000000
1720	0.000000
1721	0.000000
1722	0.000000
1723	0.000000
1724	0.000000
1725	0.000000
1726	0.000000
1727	0.000000
1728	0.000000
1729	0.000000
1730	0.000000
1731	0.000000
1732	0.000000
1733	0.000000
1734	0.000000
1735	0.000000
1736	0.000000
1737	0.000000
1738	0.000000
1739	0.000000
1740	0.000000
1741	0.000000
1742	0.000000
1743	0.000000
1744	0.000000
1745	0.000000
1746	0.000000
1747	0.000000
1748	0.000000
1749	0.000000
1750	0.000000
1751	0.000000
1752	0.000000
1753	0.000000
1754	0.000000
1755	0.000000
1756	0.000000
1757	0.000000
1758	0.000000
1759	0.000000
1760	0.000000
1761	0.000000
1762	0.000000
1763	0.000000
1764	0.000000
1765	0.000000
1766	0.000000
1767	0.000000
1768	0.000000
1769	0.000000
1770	0.000000
1771	0.000000
1772	0.000000
1773	0.000000
1774	0.000000
1775	0.000000
1776	0.000000
1777	0.000000
1778	0.000000
1779	0.000000
1780	0.000000
1781	0.000000
1782	0.000000
1783	0.000000
1784	0.000000
1785	0.000000
1786	0.000000
1787	0.000000
1788	0.000000
1789	0.000000
1790	0.000000
1791	0.000000
1792	0.000000
1793	0.000000
1794	0.000000
1795	0.000000
1796	0.000000
1797	0.000000
1798	0.000000
1799	0.000000
1800	0.000000
1801	0.000000
1802	0.000000
1803	0.000000
1804	0.000000
1805	0.000000
1806	0.000000
1807	0.000000
1808	0.000000
1809	0.000000
1810	0.000000
1811	0.000000
1812	0.000000
1813	0.000000
1814	0.000000
1815	0.000000
1816	0.000000
1817	0.000000
1818	0.000000
1819	0.000000
1820	0.000000
1821	0.000000
1822	0.000000
1823	0.000000
1824	0.000000
1825	0.000000
1826	0.000000
1827	0.000000
1828	0.000000
1829	0.000000
1830	0.000000
1831	0.000000
1832	0.000000
1833	0.000000
1834	0.000000
1835	0.000000
1836	0.000000
1837	0.000000
1838	0.000000
1839	0.000000
1840	0.000000
1841	0.000000
1842	0.000000
1843	0.000000
1844	0.000000
1845	0.000000
1846	0.000000
1847	0.000000
1848	0.000000
1849	0.000000
1850	0.000000
1851	0.000000
1852	0.000000
1853	0.000000
1854	0.000000
1855	0.000000
1856	0.000000
1857	0.000000
1858	0.000000
1859	0.000000
1860	0.000000
1861	0.000000
1862	0.000000
1863	0.000000
1864	0.000000
1865	0.000000
1866	0.000000
1867	0.000000
1868	0.000000
1869	0.000000
1870	0.000000
1871	0.000000
1872	0.000000
1873	0.000000
1874	0.000000
1875	0.000000
1876	0.000000
1877	0.000000
1878	0.000000
1879	0.000000
1880	0.000000
1881	0.000000
1882	0.000000
1883	0.000000
1884	0.000000
1885	0.000000
1886	0.000000
1887	0.000000
1888	0.000000
1889	0.000000
1890	0.000000
1891	0.000000
1892	0.000000
1893	0.000000
1894	0.000000
1895	0.000000
1896	0.000000
1897	0.000000
1898	0.000000
1899	0.000000
1900	0.000000
1901	0.000000
1902	0.000000
1903	0.000000
1904	0.000000
1905	0.000000
1906	0.000000
1907	0.000000
1908	0.000000
1909	0.000000
1910	0.000000
1911	0.000000
1912	0.000000
1913	0.000000
1914	0.000000
1915	0.000000
1916	0.000000
1917	0.000000
1918	0.000000
1919	0.000000
1920	0.000000
1921	0.000000
1922	0.000000
1923	0.000000
1924	0.000000
1925	0.000000
1926	0.000000
1927	0.000000
1928	0.000000
1929	0.000000
1930	0.000000
1931	0.000000
1932	0.000000
1933	0.000000
1934	0.000000
1935	0.000000
1936	0.000000
1937	0.000000
1938	0.000000
1939	0.000000
1940	0.000000
1941	0.000000
1942	0.000000
1943	0.000000
1944	0.000000
1945	0.000000
1946	0.000000
1947	0.000000
1948	0.000000
1949	0.000000
1950	0.000000
1951	0.000000
1952	0.000000
1953	0.000000
1954	0.000000
1955	0.000000
1956	0.000000
1957	0.000000
1958	0.000000
1959	0.000000
1960	0.000000
1961	0.000000
1962	0.000000
1963	0.000000
1964	0.000000
1965	0.000000
1966	0.000000
1967	0.000000
1968	0.000000
1969	0.000000
1970	0.000000
1971	0.000000
1972	0.000000
1973	0.000000
1974	0.000000
1975	0.000000
1976	0.000000
1977	0.000000
1978	0.000000
1979	0.000000
1980	0.000000
1981	0.000000
1982	0.000000
1983	0.000000
1984	0.000000
1985	0.000000
1986	0.000000
1987	0.000000
1988	0.000000
1989	0.000000
1990	0.000000
1991	0.000000
1992	0.000000
1993	0.000000
1994	0.000000
1995	0.000000
1996	0.000000
1997	0.000000
1998	0.000000
1999	0.000000
