0     1.62675 
1     1.62652 
2     1.62631 
3     1.62611 
4     1.62609 
5     1.62601 
6     1.62589 
7     1.62576 
8     1.62573 
9     1.62567 
10    1.62576 
11    1.62584 
12    1.62597 
13    1.62587 
14    1.62588 
15    1.62590 
16    1.62599 
17    1.62581 
18    1.62561 
19    1.62487 
20    1.62315 
21    1.62268 
22    1.62239 
23    1.62200 
24    1.62169 
25    1.62127 
26    1.62107 
27    1.62071 
28    1.62041 
29    1.62003 
30    1.61980 
31    1.61886 
32    1.61823 
33    1.61801 
34    1.61750 
35    1.61629 
36    1.61595 
37    1.61556 
38    1.61472 
39    1.61408 
40    1.61223 
41    1.61185 
42    1.61088 
43    1.61000 
44    1.60928 
45    1.60838 
46    1.60778 
47    1.60721 
48    1.60670 
49    1.60590 
50    1.60520 
51    1.60473 
52    1.60411 
53    1.60324 
54    1.60265 
55    1.60175 
56    1.60079 
57    1.59998 
58    1.59919 
59    1.59727 
60    1.59412 
61    1.59245 
62    1.59169 
63    1.59071 
64    1.58879 
65    1.58783 
66    1.58699 
67    1.58586 
68    1.58462 
69    1.58312 
70    1.58245 
71    1.58183 
72    1.58098 
73    1.57979 
74    1.57803 
75    1.57646 
76    1.57482 
77    1.57345 
78    1.57212 
79    1.57049 
80    1.56813 
81    1.56722 
82    1.56564 
83    1.56422 
84    1.56283 
85    1.56060 
86    1.55870 
87    1.55644 
88    1.55500 
89    1.55417 
90    1.55315 
91    1.55174 
92    1.55058 
93    1.54916 
94    1.54760 
95    1.54645 
96    1.54507 
97    1.54307 
98    1.54185 
99    1.54032 
100   1.53746 
101   1.53604 
102   1.53439 
103   1.53200 
104   1.53028 
105   1.52787 
106   1.52586 
107   1.52344 
108   1.52196 
109   1.51995 
110   1.51742 
111   1.51558 
112   1.51286 
113   1.51065 
114   1.50754 
115   1.50581 
116   1.50372 
117   1.50195 
118   1.50042 
119   1.49759 
120   1.49432 
121   1.49202 
122   1.49014 
123   1.48792 
124   1.48558 
125   1.48324 
126   1.48068 
127   1.47850 
128   1.47626 
129   1.47405 
130   1.47157 
131   1.46962 
132   1.46700 
133   1.46410 
134   1.46151 
135   1.45919 
136   1.45659 
137   1.45339 
138   1.45125 
139   1.44722 
140   1.44268 
141   1.44024 
142   1.43673 
143   1.43401 
144   1.43094 
145   1.42865 
146   1.42557 
147   1.42375 
148   1.42052 
149   1.41769 
150   1.41512 
151   1.41245 
152   1.41003 
153   1.40741 
154   1.40499 
155   1.40228 
156   1.39948 
157   1.39736 
158   1.39455 
159   1.39254 
160   1.38842 
161   1.38493 
162   1.38109 
163   1.37827 
164   1.37540 
165   1.37189 
166   1.36870 
167   1.36666 
168   1.36405 
169   1.36059 
170   1.35799 
171   1.35428 
172   1.35165 
173   1.34786 
174   1.34520 
175   1.34251 
176   1.33963 
177   1.33731 
178   1.33477 
179   1.33199 
180   1.32689 
181   1.32469 
182   1.32106 
183   1.31789 
184   1.31459 
185   1.31137 
186   1.30845 
187   1.30541 
188   1.30268 
189   1.29948 
190   1.29532 
191   1.29112 
192   1.28839 
193   1.28495 
194   1.28199 
195   1.27898 
196   1.27654 
197   1.27342 
198   1.27008 
199   1.26739 
200   1.26332 
201   1.25982 
202   1.25666 
203   1.25348 
204   1.24998 
205   1.24551 
206   1.24220 
207   1.23854 
208   1.23528 
209   1.23123 
210   1.22741 
211   1.22382 
212   1.22072 
213   1.21821 
214   1.21525 
215   1.21279 
216   1.20934 
217   1.20620 
218   1.20270 
219   1.19968 
220   1.19510 
221   1.19179 
222   1.18759 
223   1.18369 
224   1.18042 
225   1.17536 
226   1.17179 
227   1.16812 
228   1.16380 
229   1.15925 
230   1.15631 
231   1.15314 
232   1.15059 
233   1.14695 
234   1.14395 
235   1.14142 
236   1.13734 
237   1.13364 
238   1.12947 
239   1.12674 
240   1.12222 
241   1.11929 
242   1.11586 
243   1.11287 
244   1.10981 
245   1.10652 
246   1.10274 
247   1.09916 
248   1.09503 
249   1.09152 
250   1.08815 
251   1.08533 
252   1.08297 
253   1.07943 
254   1.07602 
255   1.07225 
256   1.06864 
257   1.06510 
258   1.06233 
259   1.05809 
260   1.05399 
261   1.05060 
262   1.04686 
263   1.04393 
264   1.04039 
265   1.03695 
266   1.03399 
267   1.03056 
268   1.02728 
269   1.02389 
270   1.02010 
271   1.01660 
272   1.01420 
273   1.01098 
274   1.00785 
275   1.00510 
276   1.00194 
277   0.99865 
278   0.99577 
279   0.99216 
280   0.98742 
281   0.98342 
282   0.97902 
283   0.97589 
284   0.97232 
285   0.96831 
286   0.96514 
287   0.96154 
288   0.95818 
289   0.95529 
290   0.95109 
291   0.94743 
292   0.94415 
293   0.94177 
294   0.93796 
295   0.93524 
296   0.93252 
297   0.92876 
298   0.92469 
299   0.92107 
300   0.91714 
301   0.91321 
302   0.90997 
303   0.90651 
304   0.90366 
305   0.90066 
306   0.89771 
307   0.89402 
308   0.89038 
309   0.88691 
310   0.88376 
311   0.88056 
312   0.87574 
313   0.87190 
314   0.86866 
315   0.86569 
316   0.86271 
317   0.85929 
318   0.85613 
319   0.85337 
320   0.84992 
321   0.84652 
322   0.84172 
323   0.83828 
324   0.83511 
325   0.83174 
326   0.82903 
327   0.82541 
328   0.82199 
329   0.81921 
330   0.81554 
331   0.81148 
332   0.80831 
333   0.80490 
334   0.80171 
335   0.79946 
336   0.79617 
337   0.79305 
338   0.79033 
339   0.78729 
340   0.78348 
341   0.77984 
342   0.77587 
343   0.77190 
344   0.76884 
345   0.76595 
346   0.76269 
347   0.76018 
348   0.75723 
349   0.75402 
350   0.75100 
351   0.74825 
352   0.74600 
353   0.74332 
354   0.74095 
355   0.73833 
356   0.73600 
357   0.73325 
358   0.73140 
359   0.72818 
360   0.72439 
361   0.72132 
362   0.71898 
363   0.71607 
364   0.71309 
365   0.70981 
366   0.70687 
367   0.70417 
368   0.70073 
369   0.69766 
370   0.69397 
371   0.69121 
372   0.68757 
373   0.68503 
374   0.68211 
375   0.67878 
376   0.67575 
377   0.67304 
378   0.67037 
379   0.66772 
380   0.66392 
381   0.66106 
382   0.65733 
383   0.65507 
384   0.65187 
385   0.64845 
386   0.64583 
387   0.64358 
388   0.64141 
389   0.63857 
390   0.63615 
391   0.63392 
392   0.63155 
393   0.62745 
394   0.62484 
395   0.62203 
396   0.61953 
397   0.61695 
398   0.61432 
399   0.61224 
400   0.60853 
401   0.60630 
402   0.60411 
403   0.60166 
404   0.59925 
405   0.59640 
406   0.59364 
407   0.59149 
408   0.58920 
409   0.58695 
410   0.58474 
411   0.58278 
412   0.58062 
413   0.57888 
414   0.57643 
415   0.57433 
416   0.57176 
417   0.57027 
418   0.56847 
419   0.56621 
420   0.56330 
421   0.56163 
422   0.55985 
423   0.55746 
424   0.55566 
425   0.55368 
426   0.55125 
427   0.54872 
428   0.54668 
429   0.54424 
430   0.54242 
431   0.53981 
432   0.53735 
433   0.53510 
434   0.53313 
435   0.53071 
436   0.52783 
437   0.52579 
438   0.52354 
439   0.52104 
440   0.51802 
441   0.51516 
442   0.51302 
443   0.51070 
444   0.50865 
445   0.50660 
446   0.50434 
447   0.50192 
448   0.49949 
449   0.49636 
450   0.49425 
451   0.49223 
452   0.49051 
453   0.48813 
454   0.48565 
455   0.48343 
456   0.48160 
457   0.47983 
458   0.47764 
459   0.47548 
460   0.47273 
461   0.47015 
462   0.46773 
463   0.46494 
464   0.46275 
465   0.46085 
466   0.45902 
467   0.45712 
468   0.45504 
469   0.45346 
470   0.45105 
471   0.44930 
472   0.44740 
473   0.44539 
474   0.44296 
475   0.44150 
476   0.43954 
477   0.43751 
478   0.43536 
479   0.43240 
480   0.42989 
481   0.42768 
482   0.42572 
483   0.42396 
484   0.42217 
485   0.42080 
486   0.41892 
487   0.41686 
488   0.41496 
489   0.41237 
490   0.41065 
491   0.40934 
492   0.40756 
493   0.40630 
494   0.40465 
495   0.40341 
496   0.40153 
497   0.39999 
498   0.39808 
499   0.39595 
500   0.39383 
501   0.39239 
502   0.39069 
503   0.38925 
504   0.38774 
505   0.38616 
506   0.38456 
507   0.38332 
508   0.38153 
509   0.38018 
510   0.37863 
511   0.37714 
512   0.37508 
513   0.37337 
514   0.37205 
515   0.37032 
516   0.36858 
517   0.36707 
518   0.36562 
519   0.36436 
520   0.36202 
521   0.36048 
522   0.35927 
523   0.35718 
524   0.35577 
525   0.35390 
526   0.35239 
527   0.35061 
528   0.34849 
529   0.34665 
530   0.34476 
531   0.34261 
532   0.34071 
533   0.33922 
534   0.33775 
535   0.33635 
536   0.33512 
537   0.33372 
538   0.33238 
539   0.33144 
540   0.32897 
541   0.32799 
542   0.32706 
543   0.32572 
544   0.32409 
545   0.32254 
546   0.32087 
547   0.31918 
548   0.31737 
549   0.31549 
550   0.31416 
551   0.31229 
552   0.31120 
553   0.30959 
554   0.30825 
555   0.30714 
556   0.30547 
557   0.30418 
558   0.30273 
559   0.30122 
560   0.29936 
561   0.29835 
562   0.29739 
563   0.29638 
564   0.29503 
565   0.29358 
566   0.29138 
567   0.29031 
568   0.28953 
569   0.28874 
570   0.28773 
571   0.28647 
572   0.28516 
573   0.28383 
574   0.28261 
575   0.28127 
576   0.28037 
577   0.27837 
578   0.27682 
579   0.27541 
580   0.27346 
581   0.27213 
582   0.27143 
583   0.26995 
584   0.26839 
585   0.26720 
586   0.26596 
587   0.26520 
588   0.26412 
589   0.26260 
590   0.26159 
591   0.26056 
592   0.25921 
593   0.25809 
594   0.25735 
595   0.25680 
596   0.25479 
597   0.25347 
598   0.25275 
599   0.25196 
600   0.25059 
601   0.24930 
602   0.24816 
603   0.24726 
604   0.24621 
605   0.24507 
606   0.24430 
607   0.24345 
608   0.24203 
609   0.24077 
610   0.23985 
611   0.23863 
612   0.23718 
613   0.23608 
614   0.23527 
615   0.23413 
616   0.23290 
617   0.23202 
618   0.23066 
619   0.23022 
620   0.22876 
621   0.22791 
622   0.22666 
623   0.22557 
624   0.22447 
625   0.22319 
626   0.22254 
627   0.22168 
628   0.22075 
629   0.21975 
630   0.21868 
631   0.21715 
632   0.21629 
633   0.21556 
634   0.21480 
635   0.21394 
636   0.21297 
637   0.21222 
638   0.21139 
639   0.21051 
640   0.20946 
641   0.20876 
642   0.20779 
643   0.20641 
644   0.20571 
645   0.20422 
646   0.20329 
647   0.20225 
648   0.20119 
649   0.20026 
650   0.19905 
651   0.19773 
652   0.19666 
653   0.19567 
654   0.19445 
655   0.19389 
656   0.19301 
657   0.19222 
658   0.19183 
659   0.19055 
660   0.18954 
661   0.18864 
662   0.18789 
663   0.18750 
664   0.18684 
665   0.18580 
666   0.18482 
667   0.18388 
668   0.18303 
669   0.18214 
670   0.18140 
671   0.18080 
672   0.18037 
673   0.17968 
674   0.17893 
675   0.17837 
676   0.17793 
677   0.17741 
678   0.17691 
679   0.17654 
680   0.17576 
681   0.17493 
682   0.17447 
683   0.17331 
684   0.17251 
685   0.17186 
686   0.17096 
687   0.17018 
688   0.16948 
689   0.16865 
690   0.16789 
691   0.16727 
692   0.16669 
693   0.16597 
694   0.16541 
695   0.16475 
696   0.16428 
697   0.16402 
698   0.16277 
699   0.16216 
700   0.16146 
701   0.16084 
702   0.16036 
703   0.15945 
704   0.15860 
705   0.15782 
706   0.15712 
707   0.15695 
708   0.15626 
709   0.15565 
710   0.15511 
711   0.15460 
712   0.15378 
713   0.15321 
714   0.15232 
715   0.15191 
716   0.15138 
717   0.15069 
718   0.15018 
719   0.14952 
720   0.14895 
721   0.14852 
722   0.14805 
723   0.14719 
724   0.14659 
725   0.14622 
726   0.14576 
727   0.14514 
728   0.14463 
729   0.14412 
730   0.14353 
731   0.14293 
732   0.14253 
733   0.14225 
734   0.14157 
735   0.14102 
736   0.14047 
737   0.14003 
738   0.13943 
739   0.13899 
740   0.13842 
741   0.13798 
742   0.13754 
743   0.13712 
744   0.13638 
745   0.13602 
746   0.13540 
747   0.13477 
748   0.13412 
749   0.13350 
750   0.13291 
751   0.13268 
752   0.13208 
753   0.13160 
754   0.13092 
755   0.13048 
756   0.12990 
757   0.12945 
758   0.12919 
759   0.12881 
760   0.12787 
761   0.12735 
762   0.12687 
763   0.12664 
764   0.12600 
765   0.12550 
766   0.12526 
767   0.12467 
768   0.12408 
769   0.12343 
770   0.12278 
771   0.12251 
772   0.12214 
773   0.12188 
774   0.12140 
775   0.12105 
776   0.12064 
777   0.12013 
778   0.11952 
779   0.11923 
780   0.11855 
781   0.11785 
782   0.11733 
783   0.11696 
784   0.11655 
785   0.11605 
786   0.11545 
787   0.11512 
788   0.11451 
789   0.11405 
790   0.11370 
791   0.11350 
792   0.11287 
793   0.11264 
794   0.11234 
795   0.11189 
796   0.11148 
797   0.11116 
798   0.11069 
799   0.11038 
800   0.10953 
801   0.10934 
802   0.10908 
803   0.10878 
804   0.10844 
805   0.10811 
806   0.10790 
807   0.10744 
808   0.10705 
809   0.10676 
810   0.10639 
811   0.10597 
812   0.10590 
813   0.10577 
814   0.10557 
815   0.10548 
816   0.10509 
817   0.10455 
818   0.10423 
819   0.10397 
820   0.10351 
821   0.10339 
822   0.10311 
823   0.10234 
824   0.10195 
825   0.10169 
826   0.10149 
827   0.10110 
828   0.10071 
829   0.10037 
830   0.10020 
831   0.09992 
832   0.09944 
833   0.09922 
834   0.09902 
835   0.09871 
836   0.09825 
837   0.09792 
838   0.09779 
839   0.09744 
840   0.09696 
841   0.09670 
842   0.09653 
843   0.09631 
844   0.09604 
845   0.09588 
846   0.09582 
847   0.09558 
848   0.09525 
849   0.09498 
850   0.09480 
851   0.09457 
852   0.09445 
853   0.09434 
854   0.09431 
855   0.09402 
856   0.09381 
857   0.09346 
858   0.09318 
859   0.09285 
860   0.09241 
861   0.09219 
862   0.09197 
863   0.09160 
864   0.09150 
865   0.09115 
866   0.09066 
867   0.09062 
868   0.09031 
869   0.09008 
870   0.08988 
871   0.08984 
872   0.08968 
873   0.08948 
874   0.08929 
875   0.08919 
876   0.08892 
877   0.08872 
878   0.08858 
879   0.08826 
880   0.08794 
881   0.08783 
882   0.08767 
883   0.08746 
884   0.08719 
885   0.08701 
886   0.08682 
887   0.08637 
888   0.08609 
889   0.08580 
890   0.08560 
891   0.08542 
892   0.08540 
893   0.08537 
894   0.08530 
895   0.08515 
896   0.08496 
897   0.08462 
898   0.08435 
899   0.08407 
900   0.08381 
901   0.08365 
902   0.08341 
903   0.08328 
904   0.08312 
905   0.08309 
906   0.08282 
907   0.08262 
908   0.08228 
909   0.08217 
910   0.08207 
911   0.08205 
912   0.08196 
913   0.08174 
914   0.08148 
915   0.08133 
916   0.08094 
917   0.08068 
918   0.08039 
919   0.08007 
920   0.07989 
921   0.07961 
922   0.07944 
923   0.07917 
924   0.07893 
925   0.07881 
926   0.07848 
927   0.07827 
928   0.07807 
929   0.07800 
930   0.07793 
931   0.07794 
932   0.07784 
933   0.07773 
934   0.07766 
935   0.07763 
936   0.07747 
937   0.07740 
938   0.07731 
939   0.07719 
940   0.07680 
941   0.07657 
942   0.07637 
943   0.07605 
944   0.07578 
945   0.07547 
946   0.07532 
947   0.07499 
948   0.07474 
949   0.07460 
950   0.07448 
951   0.07441 
952   0.07436 
953   0.07419 
954   0.07418 
955   0.07418 
956   0.07414 
957   0.07414 
958   0.07406 
959   0.07390 
960   0.07362 
961   0.07358 
962   0.07355 
963   0.07325 
964   0.07322 
965   0.07303 
966   0.07292 
967   0.07255 
968   0.07235 
969   0.07222 
970   0.07217 
971   0.07220 
972   0.07219 
973   0.07221 
974   0.07230 
975   0.07223 
976   0.07205 
977   0.07197 
978   0.07181 
979   0.07167 
980   0.07156 
981   0.07147 
982   0.07137 
983   0.07121 
984   0.07109 
985   0.07103 
986   0.07088 
987   0.07080 
988   0.07050 
989   0.07037 
990   0.07033 
991   0.07016 
992   0.07020 
993   0.07021 
994   0.07034 
995   0.07033 
996   0.07044 
997   0.07048 
998   0.07048 
999   0.07051 
1000  0.07027 
1001  0.07015 
1002  0.07009 
1003  0.07007 
1004  0.06991 
1005  0.06979 
1006  0.06968 
1007  0.06957 
1008  0.06939 
1009  0.06918 
1010  0.06917 
1011  0.06911 
1012  0.06908 
1013  0.06904 
1014  0.06904 
1015  0.06892 
1016  0.06888 
1017  0.06867 
1018  0.06862 
1019  0.06861 
1020  0.06837 
1021  0.06828 
1022  0.06804 
1023  0.06763 
1024  0.06765 
1025  0.06737 
1026  0.06724 
1027  0.06707 
1028  0.06692 
1029  0.06671 
1030  0.06653 
1031  0.06637 
1032  0.06636 
1033  0.06602 
1034  0.06603 
1035  0.06605 
1036  0.06599 
1037  0.06581 
1038  0.06571 
1039  0.06569 
1040  0.06568 
1041  0.06565 
1042  0.06537 
1043  0.06538 
1044  0.06524 
1045  0.06519 
1046  0.06506 
1047  0.06490 
1048  0.06483 
1049  0.06474 
1050  0.06463 
1051  0.06468 
1052  0.06452 
1053  0.06450 
1054  0.06447 
1055  0.06436 
1056  0.06424 
1057  0.06416 
1058  0.06399 
1059  0.06387 
1060  0.06386 
1061  0.06372 
1062  0.06349 
1063  0.06340 
1064  0.06323 
1065  0.06279 
1066  0.06265 
1067  0.06247 
1068  0.06232 
1069  0.06211 
1070  0.06207 
1071  0.06196 
1072  0.06204 
1073  0.06198 
1074  0.06201 
1075  0.06188 
1076  0.06167 
1077  0.06147 
1078  0.06136 
1079  0.06120 
1080  0.06115 
1081  0.06101 
1082  0.06090 
1083  0.06072 
1084  0.06055 
1085  0.06030 
1086  0.06016 
1087  0.05995 
1088  0.05976 
1089  0.05969 
1090  0.05960 
1091  0.05938 
1092  0.05930 
1093  0.05936 
1094  0.05936 
1095  0.05927 
1096  0.05921 
1097  0.05905 
1098  0.05906 
1099  0.05897 
1100  0.05899 
1101  0.05891 
1102  0.05881 
1103  0.05881 
1104  0.05860 
1105  0.05847 
1106  0.05825 
1107  0.05798 
1108  0.05787 
1109  0.05777 
1110  0.05750 
1111  0.05730 
1112  0.05727 
1113  0.05727 
1114  0.05738 
1115  0.05737 
1116  0.05727 
1117  0.05725 
1118  0.05722 
1119  0.05720 
1120  0.05714 
1121  0.05697 
1122  0.05681 
1123  0.05665 
1124  0.05645 
1125  0.05641 
1126  0.05626 
1127  0.05616 
1128  0.05604 
1129  0.05600 
1130  0.05597 
1131  0.05592 
1132  0.05584 
1133  0.05584 
1134  0.05591 
1135  0.05600 
1136  0.05597 
1137  0.05598 
1138  0.05596 
1139  0.05594 
1140  0.05604 
1141  0.05592 
1142  0.05586 
1143  0.05582 
1144  0.05575 
1145  0.05568 
1146  0.05573 
1147  0.05558 
1148  0.05561 
1149  0.05560 
1150  0.05561 
1151  0.05572 
1152  0.05580 
1153  0.05593 
1154  0.05606 
1155  0.05611 
1156  0.05589 
1157  0.05581 
1158  0.05559 
1159  0.05556 
1160  0.05566 
1161  0.05550 
1162  0.05532 
1163  0.05524 
1164  0.05514 
1165  0.05507 
1166  0.05501 
1167  0.05493 
1168  0.05481 
1169  0.05478 
1170  0.05483 
1171  0.05478 
1172  0.05478 
1173  0.05492 
1174  0.05496 
1175  0.05484 
1176  0.05474 
1177  0.05457 
1178  0.05441 
1179  0.05430 
1180  0.05428 
1181  0.05414 
1182  0.05403 
1183  0.05387 
1184  0.05374 
1185  0.05361 
1186  0.05350 
1187  0.05341 
1188  0.05334 
1189  0.05323 
1190  0.05306 
1191  0.05311 
1192  0.05319 
1193  0.05321 
1194  0.05324 
1195  0.05314 
1196  0.05282 
1197  0.05270 
1198  0.05238 
1199  0.05219 
1200  0.05211 
1201  0.05192 
1202  0.05170 
1203  0.05140 
1204  0.05119 
1205  0.05101 
1206  0.05097 
1207  0.05089 
1208  0.05075 
1209  0.05049 
1210  0.05041 
1211  0.05033 
1212  0.05034 
1213  0.05027 
1214  0.05023 
1215  0.05020 
1216  0.05000 
1217  0.04985 
1218  0.04958 
1219  0.04948 
1220  0.04942 
1221  0.04915 
1222  0.04895 
1223  0.04867 
1224  0.04847 
1225  0.04833 
1226  0.04824 
1227  0.04806 
1228  0.04788 
1229  0.04774 
1230  0.04761 
1231  0.04767 
1232  0.04758 
1233  0.04764 
1234  0.04752 
1235  0.04746 
1236  0.04740 
1237  0.04738 
1238  0.04700 
1239  0.04689 
1240  0.04686 
1241  0.04672 
1242  0.04654 
1243  0.04637 
1244  0.04617 
1245  0.04615 
1246  0.04605 
1247  0.04593 
1248  0.04591 
1249  0.04588 
1250  0.04577 
1251  0.04584 
1252  0.04599 
1253  0.04617 
1254  0.04620 
1255  0.04620 
1256  0.04601 
1257  0.04589 
1258  0.04574 
1259  0.04574 
1260  0.04567 
1261  0.04557 
1262  0.04543 
1263  0.04536 
1264  0.04532 
1265  0.04527 
1266  0.04520 
1267  0.04508 
1268  0.04490 
1269  0.04485 
1270  0.04477 
1271  0.04487 
1272  0.04493 
1273  0.04509 
1274  0.04519 
1275  0.04515 
1276  0.04500 
1277  0.04496 
1278  0.04479 
1279  0.04470 
1280  0.04470 
1281  0.04461 
1282  0.04451 
1283  0.04437 
1284  0.04431 
1285  0.04424 
1286  0.04420 
1287  0.04413 
1288  0.04402 
1289  0.04393 
1290  0.04396 
1291  0.04404 
1292  0.04414 
1293  0.04430 
1294  0.04436 
1295  0.04447 
1296  0.04449 
1297  0.04448 
1298  0.04445 
1299  0.04446 
1300  0.04435 
1301  0.04424 
1302  0.04408 
1303  0.04394 
1304  0.04385 
1305  0.04380 
1306  0.04377 
1307  0.04365 
1308  0.04361 
1309  0.04349 
1310  0.04343 
1311  0.04347 
1312  0.04353 
1313  0.04367 
1314  0.04387 
1315  0.04398 
1316  0.04404 
1317  0.04407 
1318  0.04415 
1319  0.04430 
1320  0.04423 
1321  0.04409 
1322  0.04394 
1323  0.04384 
1324  0.04366 
1325  0.04353 
1326  0.04344 
1327  0.04325 
1328  0.04309 
1329  0.04290 
1330  0.04277 
1331  0.04270 
1332  0.04265 
1333  0.04271 
1334  0.04275 
1335  0.04288 
1336  0.04300 
1337  0.04305 
1338  0.04318 
1339  0.04326 
1340  0.04327 
1341  0.04324 
1342  0.04328 
1343  0.04312 
1344  0.04308 
1345  0.04297 
1346  0.04288 
1347  0.04287 
1348  0.04288 
1349  0.04289 
1350  0.04288 
1351  0.04288 
1352  0.04293 
1353  0.04299 
1354  0.04312 
1355  0.04323 
1356  0.04326 
1357  0.04320 
1358  0.04328 
1359  0.04341 
1360  0.04337 
1361  0.04336 
1362  0.04313 
1363  0.04302 
1364  0.04296 
1365  0.04292 
1366  0.04296 
1367  0.04293 
1368  0.04287 
1369  0.04282 
1370  0.04273 
1371  0.04273 
1372  0.04263 
1373  0.04267 
1374  0.04268 
1375  0.04262 
1376  0.04266 
1377  0.04255 
1378  0.04258 
1379  0.04267 
1380  0.04267 
1381  0.04263 
1382  0.04245 
1383  0.04235 
1384  0.04221 
1385  0.04202 
1386  0.04188 
1387  0.04186 
1388  0.04175 
1389  0.04159 
1390  0.04143 
1391  0.04149 
1392  0.04153 
1393  0.04168 
1394  0.04175 
1395  0.04182 
1396  0.04179 
1397  0.04173 
1398  0.04175 
1399  0.04163 
1400  0.04152 
1401  0.04148 
1402  0.04131 
1403  0.04117 
1404  0.04111 
1405  0.04109 
1406  0.04109 
1407  0.04103 
1408  0.04093 
1409  0.04092 
1410  0.04095 
1411  0.04095 
1412  0.04091 
1413  0.04091 
1414  0.04100 
1415  0.04105 
1416  0.04117 
1417  0.04126 
1418  0.04129 
1419  0.04134 
1420  0.04132 
1421  0.04133 
1422  0.04116 
1423  0.04103 
1424  0.04107 
1425  0.04106 
1426  0.04109 
1427  0.04110 
1428  0.04110 
1429  0.04106 
1430  0.04096 
1431  0.04100 
1432  0.04107 
1433  0.04122 
1434  0.04126 
1435  0.04138 
1436  0.04136 
1437  0.04134 
1438  0.04134 
1439  0.04137 
1440  0.04147 
1441  0.04143 
1442  0.04129 
1443  0.04125 
1444  0.04130 
1445  0.04133 
1446  0.04139 
1447  0.04127 
1448  0.04119 
1449  0.04109 
1450  0.04117 
1451  0.04128 
1452  0.04138 
1453  0.04154 
1454  0.04163 
1455  0.04170 
1456  0.04173 
1457  0.04171 
1458  0.04172 
1459  0.04180 
1460  0.04181 
1461  0.04185 
1462  0.04171 
1463  0.04162 
1464  0.04169 
1465  0.04163 
1466  0.04156 
1467  0.04140 
1468  0.04142 
1469  0.04127 
1470  0.04129 
1471  0.04132 
1472  0.04136 
1473  0.04143 
1474  0.04129 
1475  0.04134 
1476  0.04124 
1477  0.04112 
1478  0.04104 
1479  0.04092 
1480  0.04099 
1481  0.04086 
1482  0.04070 
1483  0.04056 
1484  0.04042 
1485  0.04041 
1486  0.04033 
1487  0.04024 
1488  0.04018 
1489  0.04010 
1490  0.04010 
1491  0.04010 
1492  0.04017 
1493  0.04022 
1494  0.04027 
1495  0.04032 
1496  0.04032 
1497  0.04031 
1498  0.04031 
1499  0.04028 
1500  0.04023 
1501  0.04012 
1502  0.04000 
1503  0.03989 
1504  0.03983 
1505  0.03978 
1506  0.03967 
1507  0.03960 
1508  0.03957 
1509  0.03951 
1510  0.03947 
1511  0.03945 
1512  0.03949 
1513  0.03956 
1514  0.03958 
1515  0.03959 
1516  0.03943 
1517  0.03924 
1518  0.03905 
1519  0.03891 
1520  0.03878 
1521  0.03860 
1522  0.03842 
1523  0.03827 
1524  0.03814 
1525  0.03811 
1526  0.03805 
1527  0.03793 
1528  0.03785 
1529  0.03775 
1530  0.03765 
1531  0.03760 
1532  0.03756 
1533  0.03754 
1534  0.03755 
1535  0.03750 
1536  0.03734 
1537  0.03724 
1538  0.03710 
1539  0.03693 
1540  0.03676 
1541  0.03657 
1542  0.03634 
1543  0.03627 
1544  0.03617 
1545  0.03607 
1546  0.03599 
1547  0.03589 
1548  0.03583 
1549  0.03578 
1550  0.03571 
1551  0.03569 
1552  0.03569 
1553  0.03568 
1554  0.03562 
1555  0.03563 
1556  0.03540 
1557  0.03527 
1558  0.03504 
1559  0.03491 
1560  0.03474 
1561  0.03469 
1562  0.03451 
1563  0.03443 
1564  0.03441 
1565  0.03431 
1566  0.03419 
1567  0.03415 
1568  0.03415 
1569  0.03415 
1570  0.03423 
1571  0.03430 
1572  0.03436 
1573  0.03446 
1574  0.03452 
1575  0.03459 
1576  0.03454 
1577  0.03450 
1578  0.03434 
1579  0.03428 
1580  0.03426 
1581  0.03422 
1582  0.03409 
1583  0.03397 
1584  0.03398 
1585  0.03390 
1586  0.03384 
1587  0.03378 
1588  0.03381 
1589  0.03381 
1590  0.03381 
1591  0.03386 
1592  0.03393 
1593  0.03403 
1594  0.03412 
1595  0.03421 
1596  0.03434 
1597  0.03439 
1598  0.03444 
1599  0.03446 
1600  0.03452 
1601  0.03458 
1602  0.03454 
1603  0.03461 
1604  0.03471 
1605  0.03473 
1606  0.03469 
1607  0.03472 
1608  0.03480 
1609  0.03485 
1610  0.03498 
1611  0.03511 
1612  0.03525 
1613  0.03540 
1614  0.03545 
1615  0.03548 
1616  0.03556 
1617  0.03563 
1618  0.03575 
1619  0.03584 
1620  0.03589 
1621  0.03599 
1622  0.03596 
1623  0.03598 
1624  0.03597 
1625  0.03598 
1626  0.03598 
1627  0.03599 
1628  0.03603 
1629  0.03605 
1630  0.03606 
1631  0.03609 
1632  0.03622 
1633  0.03624 
1634  0.03624 
1635  0.03641 
1636  0.03648 
1637  0.03656 
1638  0.03666 
1639  0.03675 
1640  0.03679 
1641  0.03684 
1642  0.03693 
1643  0.03695 
1644  0.03697 
1645  0.03702 
1646  0.03705 
1647  0.03709 
1648  0.03720 
1649  0.03726 
1650  0.03734 
1651  0.03746 
1652  0.03759 
1653  0.03762 
1654  0.03770 
1655  0.03785 
1656  0.03798 
1657  0.03801 
1658  0.03804 
1659  0.03811 
1660  0.03802 
1661  0.03805 
1662  0.03804 
1663  0.03803 
1664  0.03800 
1665  0.03797 
1666  0.03801 
1667  0.03804 
1668  0.03808 
1669  0.03820 
1670  0.03828 
1671  0.03850 
1672  0.03876 
1673  0.03888 
1674  0.03891 
1675  0.03906 
1676  0.03917 
1677  0.03926 
1678  0.03935 
1679  0.03943 
1680  0.03937 
1681  0.03942 
1682  0.03933 
1683  0.03939 
1684  0.03939 
1685  0.03945 
1686  0.03943 
1687  0.03946 
1688  0.03950 
1689  0.03949 
1690  0.03958 
1691  0.03962 
1692  0.03974 
1693  0.03985 
1694  0.03994 
1695  0.04011 
1696  0.04031 
1697  0.04043 
1698  0.04051 
1699  0.04059 
1700  0.04058 
1701  0.04050 
1702  0.04052 
1703  0.04056 
1704  0.04048 
1705  0.04051 
1706  0.04050 
1707  0.04054 
1708  0.04054 
1709  0.04056 
1710  0.04068 
1711  0.04078 
1712  0.04086 
1713  0.04101 
1714  0.04105 
1715  0.04123 
1716  0.04130 
1717  0.04139 
1718  0.04146 
1719  0.04144 
1720  0.04135 
1721  0.04139 
1722  0.04132 
1723  0.04128 
1724  0.04110 
1725  0.04105 
1726  0.04104 
1727  0.04097 
1728  0.04084 
1729  0.04083 
1730  0.04091 
1731  0.04077 
1732  0.04078 
1733  0.04085 
1734  0.04094 
1735  0.04110 
1736  0.04120 
1737  0.04124 
1738  0.04134 
1739  0.04143 
1740  0.04144 
1741  0.04149 
1742  0.04146 
1743  0.04150 
1744  0.04146 
1745  0.04145 
1746  0.04149 
1747  0.04150 
1748  0.04146 
1749  0.04147 
1750  0.04152 
1751  0.04160 
1752  0.04154 
1753  0.04157 
1754  0.04161 
1755  0.04180 
1756  0.04191 
1757  0.04197 
1758  0.04212 
1759  0.04218 
1760  0.04205 
1761  0.04207 
1762  0.04212 
1763  0.04221 
1764  0.04225 
1765  0.04231 
1766  0.04235 
1767  0.04228 
1768  0.04234 
1769  0.04238 
1770  0.04246 
1771  0.04253 
1772  0.04260 
1773  0.04252 
1774  0.04246 
1775  0.04254 
1776  0.04268 
1777  0.04276 
1778  0.04288 
1779  0.04300 
1780  0.04299 
1781  0.04295 
1782  0.04301 
1783  0.04297 
1784  0.04296 
1785  0.04302 
1786  0.04298 
1787  0.04288 
1788  0.04277 
1789  0.04281 
1790  0.04277 
1791  0.04277 
1792  0.04285 
1793  0.04290 
1794  0.04298 
1795  0.04305 
1796  0.04311 
1797  0.04320 
1798  0.04339 
1799  0.04354 
1800  0.04352 
1801  0.04360 
1802  0.04360 
1803  0.04362 
1804  0.04362 
1805  0.04358 
1806  0.04361 
1807  0.04354 
1808  0.04351 
1809  0.04357 
1810  0.04354 
1811  0.04357 
1812  0.04360 
1813  0.04366 
1814  0.04368 
1815  0.04382 
1816  0.04390 
1817  0.04399 
1818  0.04401 
1819  0.04421 
1820  0.04432 
1821  0.04441 
1822  0.04449 
1823  0.04460 
1824  0.04463 
1825  0.04462 
1826  0.04454 
1827  0.04442 
1828  0.04446 
1829  0.04446 
1830  0.04439 
1831  0.04436 
1832  0.04428 
1833  0.04440 
1834  0.04443 
1835  0.04458 
1836  0.04462 
1837  0.04469 
1838  0.04477 
1839  0.04487 
1840  0.04484 
1841  0.04496 
1842  0.04500 
1843  0.04504 
1844  0.04508 
1845  0.04508 
1846  0.04496 
1847  0.04484 
1848  0.04478 
1849  0.04473 
1850  0.04461 
1851  0.04457 
1852  0.04453 
1853  0.04450 
1854  0.04452 
1855  0.04471 
1856  0.04482 
1857  0.04487 
1858  0.04491 
1859  0.04498 
1860  0.04475 
1861  0.04477 
1862  0.04477 
1863  0.04476 
1864  0.04475 
1865  0.04473 
1866  0.04456 
1867  0.04446 
1868  0.04439 
1869  0.04439 
1870  0.04436 
1871  0.04429 
1872  0.04430 
1873  0.04435 
1874  0.04430 
1875  0.04438 
1876  0.04445 
1877  0.04447 
1878  0.04448 
1879  0.04442 
1880  0.04427 
1881  0.04432 
1882  0.04430 
1883  0.04426 
1884  0.04426 
1885  0.04421 
1886  0.04408 
1887  0.04401 
1888  0.04394 
1889  0.04387 
1890  0.04375 
1891  0.04364 
1892  0.04347 
1893  0.04351 
1894  0.04350 
1895  0.04362 
1896  0.04362 
1897  0.04357 
1898  0.04356 
1899  0.04352 
1900  0.04371 
1901  0.04376 
1902  0.04374 
1903  0.04377 
1904  0.04377 
1905  0.04371 
1906  0.04367 
1907  0.04358 
1908  0.04345 
1909  0.04338 
1910  0.04336 
1911  0.04328 
1912  0.04320 
1913  0.04318 
1914  0.04328 
1915  0.04342 
1916  0.04343 
1917  0.04354 
1918  0.04364 
1919  0.04375 
1920  0.04364 
1921  0.04365 
1922  0.04354 
1923  0.04354 
1924  0.04351 
1925  0.04346 
1926  0.04331 
1927  0.04315 
1928  0.04298 
1929  0.04286 
1930  0.04290 
1931  0.04288 
1932  0.04282 
1933  0.04288 
1934  0.04297 
1935  0.04317 
1936  0.04330 
1937  0.04343 
1938  0.04349 
1939  0.04356 
1940  0.04355 
1941  0.04362 
1942  0.04369 
1943  0.04378 
1944  0.04375 
1945  0.04370 
1946  0.04369 
1947  0.04354 
1948  0.04352 
1949  0.04348 
1950  0.04345 
1951  0.04348 
1952  0.04347 
1953  0.04357 
1954  0.04368 
1955  0.04383 
1956  0.04390 
1957  0.04397 
1958  0.04406 
1959  0.04411 
1960  0.04408 
1961  0.04418 
1962  0.04419 
1963  0.04430 
1964  0.04432 
1965  0.04430 
1966  0.04437 
1967  0.04424 
1968  0.04428 
1969  0.04428 
1970  0.04431 
1971  0.04432 
1972  0.04446 
1973  0.04455 
1974  0.04470 
1975  0.04491 
1976  0.04503 
1977  0.04520 
1978  0.04535 
1979  0.04554 
1980  0.04563 
1981  0.04585 
1982  0.04596 
1983  0.04608 
1984  0.04602 
1985  0.04598 
1986  0.04606 
1987  0.04593 
1988  0.04581 
1989  0.04569 
1990  0.04562 
1991  0.04560 
1992  0.04565 
1993  0.04573 
1994  0.04585 
1995  0.04605 
1996  0.04614 
1997  0.04627 
1998  0.04636 
1999  0.04642 

