0     1.67006 
1     1.66999 
2     1.67007 
3     1.67015 
4     1.67020 
5     1.67025 
6     1.67022 
7     1.66992 
8     1.66962 
9     1.66953 
10    1.66939 
11    1.66943 
12    1.66930 
13    1.66910 
14    1.66909 
15    1.66901 
16    1.66914 
17    1.66877 
18    1.66872 
19    1.66850 
20    1.66675 
21    1.66662 
22    1.66652 
23    1.66626 
24    1.66617 
25    1.66561 
26    1.66540 
27    1.66464 
28    1.66375 
29    1.66292 
30    1.66201 
31    1.66132 
32    1.66091 
33    1.66061 
34    1.65993 
35    1.65973 
36    1.65942 
37    1.65906 
38    1.65882 
39    1.65811 
40    1.65585 
41    1.65518 
42    1.65449 
43    1.65418 
44    1.65348 
45    1.65292 
46    1.65198 
47    1.65058 
48    1.64977 
49    1.64862 
50    1.64775 
51    1.64677 
52    1.64583 
53    1.64497 
54    1.64405 
55    1.64335 
56    1.64259 
57    1.64192 
58    1.64070 
59    1.63991 
60    1.63779 
61    1.63627 
62    1.63550 
63    1.63503 
64    1.63384 
65    1.63293 
66    1.63155 
67    1.63083 
68    1.62890 
69    1.62677 
70    1.62548 
71    1.62417 
72    1.62298 
73    1.62189 
74    1.62063 
75    1.61888 
76    1.61762 
77    1.61685 
78    1.61516 
79    1.61371 
80    1.61046 
81    1.60934 
82    1.60851 
83    1.60714 
84    1.60577 
85    1.60472 
86    1.60271 
87    1.60061 
88    1.59927 
89    1.59722 
90    1.59531 
91    1.59353 
92    1.59140 
93    1.58997 
94    1.58749 
95    1.58555 
96    1.58391 
97    1.58276 
98    1.58154 
99    1.58007 
100   1.57704 
101   1.57547 
102   1.57296 
103   1.57109 
104   1.56891 
105   1.56640 
106   1.56421 
107   1.56209 
108   1.56006 
109   1.55745 
110   1.55536 
111   1.55342 
112   1.55085 
113   1.54824 
114   1.54555 
115   1.54370 
116   1.54167 
117   1.54025 
118   1.53835 
119   1.53698 
120   1.53394 
121   1.53129 
122   1.52947 
123   1.52694 
124   1.52455 
125   1.52243 
126   1.52085 
127   1.51831 
128   1.51597 
129   1.51341 
130   1.51166 
131   1.50908 
132   1.50663 
133   1.50426 
134   1.50107 
135   1.49757 
136   1.49465 
137   1.49201 
138   1.48906 
139   1.48667 
140   1.48250 
141   1.47941 
142   1.47732 
143   1.47518 
144   1.47263 
145   1.46967 
146   1.46600 
147   1.46298 
148   1.46008 
149   1.45706 
150   1.45374 
151   1.45191 
152   1.44921 
153   1.44707 
154   1.44457 
155   1.44203 
156   1.43818 
157   1.43518 
158   1.43212 
159   1.42958 
160   1.42503 
161   1.42257 
162   1.42037 
163   1.41653 
164   1.41361 
165   1.41079 
166   1.40832 
167   1.40592 
168   1.40294 
169   1.39987 
170   1.39676 
171   1.39401 
172   1.39037 
173   1.38697 
174   1.38325 
175   1.38013 
176   1.37627 
177   1.37311 
178   1.36993 
179   1.36738 
180   1.36319 
181   1.36046 
182   1.35765 
183   1.35478 
184   1.35108 
185   1.34763 
186   1.34424 
187   1.34119 
188   1.33677 
189   1.33405 
190   1.33039 
191   1.32687 
192   1.32344 
193   1.32031 
194   1.31685 
195   1.31285 
196   1.30969 
197   1.30651 
198   1.30255 
199   1.29894 
200   1.29502 
201   1.29171 
202   1.28782 
203   1.28409 
204   1.28019 
205   1.27685 
206   1.27328 
207   1.26898 
208   1.26598 
209   1.26274 
210   1.25828 
211   1.25522 
212   1.25057 
213   1.24794 
214   1.24441 
215   1.24007 
216   1.23661 
217   1.23312 
218   1.23026 
219   1.22613 
220   1.22062 
221   1.21788 
222   1.21332 
223   1.20977 
224   1.20638 
225   1.20218 
226   1.19853 
227   1.19584 
228   1.19214 
229   1.18805 
230   1.18487 
231   1.18091 
232   1.17770 
233   1.17400 
234   1.17052 
235   1.16748 
236   1.16462 
237   1.16111 
238   1.15870 
239   1.15574 
240   1.15125 
241   1.14765 
242   1.14431 
243   1.14057 
244   1.13796 
245   1.13415 
246   1.13096 
247   1.12692 
248   1.12313 
249   1.11957 
250   1.11616 
251   1.11324 
252   1.10928 
253   1.10553 
254   1.10195 
255   1.09876 
256   1.09558 
257   1.09132 
258   1.08658 
259   1.08310 
260   1.07806 
261   1.07442 
262   1.07057 
263   1.06701 
264   1.06404 
265   1.05978 
266   1.05693 
267   1.05330 
268   1.05039 
269   1.04595 
270   1.04258 
271   1.03939 
272   1.03587 
273   1.03225 
274   1.02908 
275   1.02642 
276   1.02329 
277   1.01999 
278   1.01633 
279   1.01268 
280   1.00743 
281   1.00433 
282   1.00075 
283   0.99707 
284   0.99421 
285   0.99004 
286   0.98577 
287   0.98208 
288   0.97894 
289   0.97513 
290   0.97161 
291   0.96833 
292   0.96429 
293   0.96104 
294   0.95741 
295   0.95361 
296   0.94991 
297   0.94532 
298   0.94112 
299   0.93785 
300   0.93340 
301   0.92822 
302   0.92445 
303   0.92128 
304   0.91811 
305   0.91465 
306   0.91076 
307   0.90564 
308   0.90151 
309   0.89822 
310   0.89411 
311   0.89082 
312   0.88791 
313   0.88412 
314   0.88051 
315   0.87719 
316   0.87392 
317   0.87027 
318   0.86751 
319   0.86411 
320   0.86005 
321   0.85763 
322   0.85454 
323   0.85147 
324   0.84737 
325   0.84393 
326   0.84138 
327   0.83815 
328   0.83499 
329   0.83176 
330   0.82881 
331   0.82632 
332   0.82347 
333   0.81994 
334   0.81656 
335   0.81242 
336   0.80950 
337   0.80540 
338   0.80160 
339   0.79850 
340   0.79265 
341   0.78926 
342   0.78636 
343   0.78369 
344   0.78069 
345   0.77738 
346   0.77440 
347   0.77100 
348   0.76805 
349   0.76557 
350   0.76224 
351   0.75944 
352   0.75632 
353   0.75339 
354   0.75048 
355   0.74729 
356   0.74327 
357   0.74038 
358   0.73681 
359   0.73450 
360   0.73019 
361   0.72742 
362   0.72363 
363   0.72089 
364   0.71779 
365   0.71532 
366   0.71260 
367   0.70938 
368   0.70668 
369   0.70308 
370   0.70036 
371   0.69741 
372   0.69501 
373   0.69220 
374   0.68958 
375   0.68641 
376   0.68303 
377   0.67954 
378   0.67587 
379   0.67334 
380   0.66916 
381   0.66536 
382   0.66200 
383   0.65882 
384   0.65547 
385   0.65207 
386   0.64863 
387   0.64598 
388   0.64306 
389   0.64079 
390   0.63828 
391   0.63493 
392   0.63205 
393   0.62928 
394   0.62659 
395   0.62346 
396   0.62090 
397   0.61778 
398   0.61599 
399   0.61366 
400   0.61002 
401   0.60765 
402   0.60542 
403   0.60360 
404   0.60092 
405   0.59870 
406   0.59614 
407   0.59348 
408   0.59058 
409   0.58764 
410   0.58508 
411   0.58322 
412   0.58129 
413   0.57856 
414   0.57643 
415   0.57387 
416   0.57069 
417   0.56796 
418   0.56514 
419   0.56307 
420   0.55838 
421   0.55594 
422   0.55349 
423   0.55146 
424   0.54920 
425   0.54610 
426   0.54352 
427   0.54181 
428   0.53946 
429   0.53689 
430   0.53448 
431   0.53169 
432   0.53010 
433   0.52869 
434   0.52646 
435   0.52409 
436   0.52208 
437   0.51940 
438   0.51687 
439   0.51478 
440   0.51157 
441   0.50938 
442   0.50654 
443   0.50437 
444   0.50234 
445   0.49983 
446   0.49843 
447   0.49563 
448   0.49361 
449   0.49100 
450   0.48920 
451   0.48646 
452   0.48356 
453   0.48168 
454   0.47991 
455   0.47776 
456   0.47481 
457   0.47235 
458   0.46987 
459   0.46739 
460   0.46422 
461   0.46165 
462   0.45927 
463   0.45678 
464   0.45498 
465   0.45344 
466   0.45139 
467   0.44931 
468   0.44725 
469   0.44528 
470   0.44328 
471   0.44151 
472   0.43941 
473   0.43789 
474   0.43565 
475   0.43325 
476   0.43102 
477   0.42916 
478   0.42725 
479   0.42503 
480   0.42229 
481   0.42009 
482   0.41787 
483   0.41646 
484   0.41431 
485   0.41213 
486   0.40974 
487   0.40769 
488   0.40623 
489   0.40495 
490   0.40408 
491   0.40166 
492   0.39997 
493   0.39865 
494   0.39637 
495   0.39486 
496   0.39328 
497   0.39206 
498   0.38992 
499   0.38796 
500   0.38470 
501   0.38299 
502   0.38127 
503   0.37963 
504   0.37760 
505   0.37583 
506   0.37303 
507   0.37101 
508   0.36940 
509   0.36776 
510   0.36588 
511   0.36388 
512   0.36282 
513   0.36157 
514   0.36036 
515   0.35899 
516   0.35737 
517   0.35537 
518   0.35329 
519   0.35139 
520   0.34921 
521   0.34744 
522   0.34572 
523   0.34451 
524   0.34272 
525   0.34100 
526   0.33966 
527   0.33798 
528   0.33640 
529   0.33468 
530   0.33333 
531   0.33108 
532   0.32914 
533   0.32714 
534   0.32564 
535   0.32429 
536   0.32310 
537   0.32169 
538   0.32023 
539   0.31897 
540   0.31674 
541   0.31449 
542   0.31270 
543   0.31138 
544   0.31022 
545   0.30887 
546   0.30745 
547   0.30575 
548   0.30431 
549   0.30303 
550   0.30163 
551   0.30062 
552   0.29943 
553   0.29850 
554   0.29764 
555   0.29595 
556   0.29422 
557   0.29280 
558   0.29144 
559   0.29073 
560   0.28876 
561   0.28625 
562   0.28514 
563   0.28408 
564   0.28228 
565   0.28091 
566   0.27900 
567   0.27796 
568   0.27641 
569   0.27523 
570   0.27410 
571   0.27286 
572   0.27138 
573   0.27046 
574   0.26929 
575   0.26793 
576   0.26636 
577   0.26553 
578   0.26466 
579   0.26338 
580   0.26139 
581   0.26013 
582   0.25864 
583   0.25705 
584   0.25564 
585   0.25473 
586   0.25310 
587   0.25186 
588   0.25085 
589   0.25015 
590   0.24912 
591   0.24741 
592   0.24657 
593   0.24601 
594   0.24525 
595   0.24447 
596   0.24327 
597   0.24202 
598   0.24078 
599   0.23957 
600   0.23831 
601   0.23751 
602   0.23623 
603   0.23497 
604   0.23379 
605   0.23279 
606   0.23175 
607   0.23059 
608   0.22966 
609   0.22868 
610   0.22774 
611   0.22678 
612   0.22615 
613   0.22515 
614   0.22414 
615   0.22332 
616   0.22255 
617   0.22178 
618   0.22061 
619   0.21989 
620   0.21818 
621   0.21747 
622   0.21633 
623   0.21525 
624   0.21424 
625   0.21337 
626   0.21241 
627   0.21159 
628   0.21075 
629   0.21021 
630   0.20923 
631   0.20816 
632   0.20745 
633   0.20659 
634   0.20587 
635   0.20519 
636   0.20419 
637   0.20289 
638   0.20218 
639   0.20163 
640   0.20018 
641   0.19964 
642   0.19885 
643   0.19755 
644   0.19660 
645   0.19526 
646   0.19430 
647   0.19318 
648   0.19238 
649   0.19200 
650   0.19111 
651   0.19024 
652   0.18949 
653   0.18866 
654   0.18818 
655   0.18765 
656   0.18682 
657   0.18563 
658   0.18471 
659   0.18393 
660   0.18264 
661   0.18164 
662   0.18063 
663   0.17989 
664   0.17913 
665   0.17853 
666   0.17784 
667   0.17698 
668   0.17625 
669   0.17555 
670   0.17499 
671   0.17454 
672   0.17387 
673   0.17346 
674   0.17280 
675   0.17231 
676   0.17172 
677   0.17123 
678   0.17043 
679   0.16986 
680   0.16877 
681   0.16834 
682   0.16768 
683   0.16662 
684   0.16608 
685   0.16519 
686   0.16469 
687   0.16395 
688   0.16321 
689   0.16254 
690   0.16176 
691   0.16143 
692   0.16092 
693   0.16030 
694   0.15985 
695   0.15919 
696   0.15862 
697   0.15810 
698   0.15731 
699   0.15671 
700   0.15614 
701   0.15521 
702   0.15456 
703   0.15351 
704   0.15293 
705   0.15239 
706   0.15210 
707   0.15117 
708   0.15068 
709   0.14994 
710   0.14941 
711   0.14919 
712   0.14836 
713   0.14795 
714   0.14771 
715   0.14718 
716   0.14674 
717   0.14627 
718   0.14578 
719   0.14511 
720   0.14449 
721   0.14423 
722   0.14368 
723   0.14299 
724   0.14246 
725   0.14198 
726   0.14158 
727   0.14109 
728   0.14050 
729   0.14009 
730   0.13953 
731   0.13892 
732   0.13849 
733   0.13812 
734   0.13746 
735   0.13711 
736   0.13661 
737   0.13610 
738   0.13552 
739   0.13505 
740   0.13420 
741   0.13375 
742   0.13335 
743   0.13270 
744   0.13220 
745   0.13174 
746   0.13124 
747   0.13046 
748   0.13005 
749   0.12948 
750   0.12894 
751   0.12854 
752   0.12808 
753   0.12788 
754   0.12749 
755   0.12718 
756   0.12682 
757   0.12638 
758   0.12608 
759   0.12575 
760   0.12484 
761   0.12442 
762   0.12398 
763   0.12334 
764   0.12301 
765   0.12220 
766   0.12178 
767   0.12111 
768   0.12030 
769   0.11998 
770   0.11967 
771   0.11944 
772   0.11901 
773   0.11860 
774   0.11818 
775   0.11791 
776   0.11756 
777   0.11724 
778   0.11694 
779   0.11667 
780   0.11613 
781   0.11583 
782   0.11545 
783   0.11497 
784   0.11445 
785   0.11403 
786   0.11375 
787   0.11344 
788   0.11306 
789   0.11250 
790   0.11209 
791   0.11167 
792   0.11125 
793   0.11103 
794   0.11095 
795   0.11089 
796   0.11054 
797   0.11030 
798   0.11010 
799   0.10992 
800   0.10947 
801   0.10934 
802   0.10891 
803   0.10863 
804   0.10808 
805   0.10784 
806   0.10752 
807   0.10710 
808   0.10679 
809   0.10643 
810   0.10619 
811   0.10592 
812   0.10548 
813   0.10529 
814   0.10507 
815   0.10496 
816   0.10481 
817   0.10459 
818   0.10448 
819   0.10445 
820   0.10387 
821   0.10382 
822   0.10347 
823   0.10334 
824   0.10317 
825   0.10298 
826   0.10265 
827   0.10250 
828   0.10222 
829   0.10194 
830   0.10158 
831   0.10137 
832   0.10096 
833   0.10079 
834   0.10051 
835   0.10033 
836   0.10031 
837   0.10037 
838   0.10009 
839   0.09979 
840   0.09930 
841   0.09911 
842   0.09881 
843   0.09871 
844   0.09819 
845   0.09807 
846   0.09741 
847   0.09698 
848   0.09678 
849   0.09652 
850   0.09624 
851   0.09602 
852   0.09579 
853   0.09564 
854   0.09539 
855   0.09519 
856   0.09515 
857   0.09500 
858   0.09474 
859   0.09448 
860   0.09399 
861   0.09373 
862   0.09345 
863   0.09309 
864   0.09260 
865   0.09222 
866   0.09181 
867   0.09162 
868   0.09128 
869   0.09098 
870   0.09053 
871   0.09015 
872   0.08997 
873   0.08963 
874   0.08926 
875   0.08922 
876   0.08891 
877   0.08862 
878   0.08834 
879   0.08803 
880   0.08756 
881   0.08723 
882   0.08678 
883   0.08638 
884   0.08606 
885   0.08564 
886   0.08530 
887   0.08490 
888   0.08464 
889   0.08439 
890   0.08423 
891   0.08415 
892   0.08404 
893   0.08373 
894   0.08334 
895   0.08325 
896   0.08298 
897   0.08274 
898   0.08244 
899   0.08210 
900   0.08170 
901   0.08153 
902   0.08123 
903   0.08093 
904   0.08085 
905   0.08069 
906   0.08049 
907   0.08025 
908   0.08021 
909   0.08012 
910   0.08004 
911   0.08004 
912   0.08010 
913   0.08004 
914   0.07980 
915   0.07981 
916   0.07972 
917   0.07976 
918   0.07977 
919   0.07973 
920   0.07951 
921   0.07945 
922   0.07936 
923   0.07920 
924   0.07899 
925   0.07874 
926   0.07860 
927   0.07833 
928   0.07830 
929   0.07812 
930   0.07773 
931   0.07769 
932   0.07776 
933   0.07775 
934   0.07761 
935   0.07719 
936   0.07706 
937   0.07697 
938   0.07677 
939   0.07665 
940   0.07630 
941   0.07590 
942   0.07569 
943   0.07548 
944   0.07519 
945   0.07494 
946   0.07478 
947   0.07460 
948   0.07451 
949   0.07418 
950   0.07407 
951   0.07402 
952   0.07396 
953   0.07397 
954   0.07387 
955   0.07379 
956   0.07353 
957   0.07339 
958   0.07326 
959   0.07304 
960   0.07278 
961   0.07269 
962   0.07257 
963   0.07246 
964   0.07229 
965   0.07218 
966   0.07206 
967   0.07191 
968   0.07170 
969   0.07161 
970   0.07146 
971   0.07135 
972   0.07112 
973   0.07107 
974   0.07107 
975   0.07100 
976   0.07088 
977   0.07070 
978   0.07043 
979   0.07016 
980   0.06988 
981   0.06968 
982   0.06955 
983   0.06956 
984   0.06947 
985   0.06931 
986   0.06902 
987   0.06886 
988   0.06876 
989   0.06861 
990   0.06850 
991   0.06849 
992   0.06854 
993   0.06847 
994   0.06824 
995   0.06802 
996   0.06795 
997   0.06786 
998   0.06770 
999   0.06750 
1000  0.06741 
1001  0.06738 
1002  0.06731 
1003  0.06724 
1004  0.06721 
1005  0.06706 
1006  0.06695 
1007  0.06668 
1008  0.06653 
1009  0.06656 
1010  0.06632 
1011  0.06642 
1012  0.06642 
1013  0.06653 
1014  0.06641 
1015  0.06625 
1016  0.06608 
1017  0.06590 
1018  0.06554 
1019  0.06542 
1020  0.06539 
1021  0.06535 
1022  0.06531 
1023  0.06536 
1024  0.06531 
1025  0.06530 
1026  0.06519 
1027  0.06513 
1028  0.06501 
1029  0.06482 
1030  0.06470 
1031  0.06476 
1032  0.06495 
1033  0.06503 
1034  0.06506 
1035  0.06507 
1036  0.06493 
1037  0.06486 
1038  0.06484 
1039  0.06468 
1040  0.06455 
1041  0.06445 
1042  0.06429 
1043  0.06433 
1044  0.06418 
1045  0.06412 
1046  0.06404 
1047  0.06410 
1048  0.06399 
1049  0.06421 
1050  0.06418 
1051  0.06443 
1052  0.06467 
1053  0.06493 
1054  0.06505 
1055  0.06518 
1056  0.06529 
1057  0.06539 
1058  0.06546 
1059  0.06559 
1060  0.06562 
1061  0.06573 
1062  0.06562 
1063  0.06564 
1064  0.06566 
1065  0.06570 
1066  0.06578 
1067  0.06581 
1068  0.06596 
1069  0.06606 
1070  0.06613 
1071  0.06623 
1072  0.06634 
1073  0.06645 
1074  0.06650 
1075  0.06665 
1076  0.06666 
1077  0.06673 
1078  0.06678 
1079  0.06672 
1080  0.06654 
1081  0.06641 
1082  0.06628 
1083  0.06619 
1084  0.06603 
1085  0.06609 
1086  0.06604 
1087  0.06601 
1088  0.06594 
1089  0.06582 
1090  0.06586 
1091  0.06592 
1092  0.06598 
1093  0.06601 
1094  0.06600 
1095  0.06606 
1096  0.06603 
1097  0.06598 
1098  0.06584 
1099  0.06568 
1100  0.06556 
1101  0.06543 
1102  0.06519 
1103  0.06507 
1104  0.06478 
1105  0.06449 
1106  0.06430 
1107  0.06411 
1108  0.06388 
1109  0.06374 
1110  0.06358 
1111  0.06336 
1112  0.06343 
1113  0.06351 
1114  0.06359 
1115  0.06370 
1116  0.06376 
1117  0.06379 
1118  0.06374 
1119  0.06372 
1120  0.06376 
1121  0.06373 
1122  0.06355 
1123  0.06355 
1124  0.06345 
1125  0.06351 
1126  0.06345 
1127  0.06334 
1128  0.06328 
1129  0.06325 
1130  0.06321 
1131  0.06330 
1132  0.06329 
1133  0.06336 
1134  0.06337 
1135  0.06333 
1136  0.06335 
1137  0.06331 
1138  0.06320 
1139  0.06306 
1140  0.06310 
1141  0.06290 
1142  0.06284 
1143  0.06291 
1144  0.06286 
1145  0.06292 
1146  0.06292 
1147  0.06283 
1148  0.06270 
1149  0.06255 
1150  0.06260 
1151  0.06249 
1152  0.06256 
1153  0.06262 
1154  0.06262 
1155  0.06274 
1156  0.06279 
1157  0.06268 
1158  0.06273 
1159  0.06260 
1160  0.06272 
1161  0.06267 
1162  0.06244 
1163  0.06242 
1164  0.06233 
1165  0.06229 
1166  0.06221 
1167  0.06198 
1168  0.06185 
1169  0.06173 
1170  0.06157 
1171  0.06156 
1172  0.06160 
1173  0.06158 
1174  0.06144 
1175  0.06140 
1176  0.06121 
1177  0.06106 
1178  0.06095 
1179  0.06085 
1180  0.06072 
1181  0.06056 
1182  0.06043 
1183  0.06028 
1184  0.06009 
1185  0.05995 
1186  0.05986 
1187  0.05958 
1188  0.05941 
1189  0.05937 
1190  0.05937 
1191  0.05937 
1192  0.05939 
1193  0.05939 
1194  0.05941 
1195  0.05943 
1196  0.05930 
1197  0.05926 
1198  0.05919 
1199  0.05909 
1200  0.05916 
1201  0.05903 
1202  0.05887 
1203  0.05872 
1204  0.05852 
1205  0.05837 
1206  0.05820 
1207  0.05789 
1208  0.05765 
1209  0.05759 
1210  0.05746 
1211  0.05738 
1212  0.05741 
1213  0.05741 
1214  0.05733 
1215  0.05742 
1216  0.05730 
1217  0.05719 
1218  0.05706 
1219  0.05694 
1220  0.05681 
1221  0.05667 
1222  0.05638 
1223  0.05617 
1224  0.05597 
1225  0.05590 
1226  0.05564 
1227  0.05537 
1228  0.05519 
1229  0.05507 
1230  0.05498 
1231  0.05499 
1232  0.05504 
1233  0.05514 
1234  0.05530 
1235  0.05543 
1236  0.05550 
1237  0.05548 
1238  0.05540 
1239  0.05545 
1240  0.05551 
1241  0.05534 
1242  0.05523 
1243  0.05511 
1244  0.05485 
1245  0.05473 
1246  0.05462 
1247  0.05445 
1248  0.05427 
1249  0.05408 
1250  0.05399 
1251  0.05400 
1252  0.05410 
1253  0.05405 
1254  0.05405 
1255  0.05413 
1256  0.05409 
1257  0.05401 
1258  0.05393 
1259  0.05386 
1260  0.05391 
1261  0.05360 
1262  0.05344 
1263  0.05327 
1264  0.05304 
1265  0.05287 
1266  0.05271 
1267  0.05252 
1268  0.05234 
1269  0.05213 
1270  0.05200 
1271  0.05199 
1272  0.05202 
1273  0.05205 
1274  0.05211 
1275  0.05225 
1276  0.05229 
1277  0.05241 
1278  0.05239 
1279  0.05246 
1280  0.05258 
1281  0.05258 
1282  0.05259 
1283  0.05252 
1284  0.05239 
1285  0.05230 
1286  0.05228 
1287  0.05216 
1288  0.05212 
1289  0.05210 
1290  0.05211 
1291  0.05206 
1292  0.05219 
1293  0.05234 
1294  0.05249 
1295  0.05267 
1296  0.05286 
1297  0.05301 
1298  0.05289 
1299  0.05298 
1300  0.05298 
1301  0.05303 
1302  0.05317 
1303  0.05316 
1304  0.05313 
1305  0.05314 
1306  0.05310 
1307  0.05305 
1308  0.05299 
1309  0.05307 
1310  0.05310 
1311  0.05315 
1312  0.05334 
1313  0.05345 
1314  0.05367 
1315  0.05381 
1316  0.05391 
1317  0.05404 
1318  0.05404 
1319  0.05405 
1320  0.05416 
1321  0.05421 
1322  0.05428 
1323  0.05424 
1324  0.05419 
1325  0.05412 
1326  0.05395 
1327  0.05385 
1328  0.05377 
1329  0.05362 
1330  0.05349 
1331  0.05346 
1332  0.05350 
1333  0.05355 
1334  0.05359 
1335  0.05367 
1336  0.05370 
1337  0.05378 
1338  0.05370 
1339  0.05370 
1340  0.05370 
1341  0.05370 
1342  0.05361 
1343  0.05353 
1344  0.05339 
1345  0.05337 
1346  0.05327 
1347  0.05326 
1348  0.05316 
1349  0.05316 
1350  0.05316 
1351  0.05319 
1352  0.05335 
1353  0.05348 
1354  0.05357 
1355  0.05359 
1356  0.05355 
1357  0.05364 
1358  0.05355 
1359  0.05352 
1360  0.05364 
1361  0.05356 
1362  0.05348 
1363  0.05337 
1364  0.05323 
1365  0.05309 
1366  0.05292 
1367  0.05272 
1368  0.05255 
1369  0.05239 
1370  0.05223 
1371  0.05231 
1372  0.05237 
1373  0.05250 
1374  0.05247 
1375  0.05235 
1376  0.05226 
1377  0.05230 
1378  0.05220 
1379  0.05219 
1380  0.05220 
1381  0.05212 
1382  0.05202 
1383  0.05179 
1384  0.05168 
1385  0.05157 
1386  0.05150 
1387  0.05132 
1388  0.05123 
1389  0.05107 
1390  0.05095 
1391  0.05094 
1392  0.05102 
1393  0.05110 
1394  0.05110 
1395  0.05122 
1396  0.05114 
1397  0.05122 
1398  0.05113 
1399  0.05108 
1400  0.05110 
1401  0.05098 
1402  0.05079 
1403  0.05065 
1404  0.05048 
1405  0.05039 
1406  0.05037 
1407  0.05027 
1408  0.05023 
1409  0.05007 
1410  0.04999 
1411  0.05006 
1412  0.05018 
1413  0.05039 
1414  0.05050 
1415  0.05062 
1416  0.05069 
1417  0.05082 
1418  0.05076 
1419  0.05068 
1420  0.05047 
1421  0.05042 
1422  0.05027 
1423  0.05019 
1424  0.05014 
1425  0.05013 
1426  0.04999 
1427  0.04985 
1428  0.04973 
1429  0.04961 
1430  0.04952 
1431  0.04957 
1432  0.04979 
1433  0.04994 
1434  0.05005 
1435  0.05010 
1436  0.05009 
1437  0.05018 
1438  0.05018 
1439  0.05010 
1440  0.04986 
1441  0.04980 
1442  0.04967 
1443  0.04954 
1444  0.04936 
1445  0.04920 
1446  0.04907 
1447  0.04893 
1448  0.04877 
1449  0.04856 
1450  0.04849 
1451  0.04849 
1452  0.04854 
1453  0.04862 
1454  0.04877 
1455  0.04881 
1456  0.04878 
1457  0.04889 
1458  0.04890 
1459  0.04889 
1460  0.04888 
1461  0.04887 
1462  0.04881 
1463  0.04880 
1464  0.04889 
1465  0.04893 
1466  0.04888 
1467  0.04877 
1468  0.04874 
1469  0.04859 
1470  0.04850 
1471  0.04860 
1472  0.04876 
1473  0.04895 
1474  0.04911 
1475  0.04915 
1476  0.04903 
1477  0.04899 
1478  0.04893 
1479  0.04886 
1480  0.04864 
1481  0.04851 
1482  0.04841 
1483  0.04839 
1484  0.04838 
1485  0.04821 
1486  0.04817 
1487  0.04803 
1488  0.04794 
1489  0.04780 
1490  0.04778 
1491  0.04794 
1492  0.04802 
1493  0.04830 
1494  0.04837 
1495  0.04836 
1496  0.04835 
1497  0.04836 
1498  0.04828 
1499  0.04831 
1500  0.04827 
1501  0.04816 
1502  0.04803 
1503  0.04795 
1504  0.04793 
1505  0.04785 
1506  0.04773 
1507  0.04764 
1508  0.04758 
1509  0.04755 
1510  0.04756 
1511  0.04764 
1512  0.04770 
1513  0.04788 
1514  0.04795 
1515  0.04793 
1516  0.04785 
1517  0.04780 
1518  0.04774 
1519  0.04771 
1520  0.04766 
1521  0.04755 
1522  0.04746 
1523  0.04750 
1524  0.04743 
1525  0.04739 
1526  0.04741 
1527  0.04734 
1528  0.04738 
1529  0.04740 
1530  0.04756 
1531  0.04771 
1532  0.04796 
1533  0.04821 
1534  0.04840 
1535  0.04860 
1536  0.04874 
1537  0.04888 
1538  0.04897 
1539  0.04909 
1540  0.04919 
1541  0.04924 
1542  0.04927 
1543  0.04918 
1544  0.04913 
1545  0.04909 
1546  0.04916 
1547  0.04908 
1548  0.04906 
1549  0.04898 
1550  0.04903 
1551  0.04913 
1552  0.04931 
1553  0.04951 
1554  0.04967 
1555  0.04976 
1556  0.04978 
1557  0.04988 
1558  0.04982 
1559  0.05001 
1560  0.05000 
1561  0.04997 
1562  0.04982 
1563  0.04976 
1564  0.04968 
1565  0.04957 
1566  0.04950 
1567  0.04952 
1568  0.04951 
1569  0.04947 
1570  0.04953 
1571  0.04967 
1572  0.04981 
1573  0.04995 
1574  0.05000 
1575  0.05000 
1576  0.05000 
1577  0.05003 
1578  0.04983 
1579  0.04981 
1580  0.04956 
1581  0.04931 
1582  0.04912 
1583  0.04900 
1584  0.04881 
1585  0.04874 
1586  0.04869 
1587  0.04854 
1588  0.04855 
1589  0.04859 
1590  0.04866 
1591  0.04889 
1592  0.04903 
1593  0.04928 
1594  0.04941 
1595  0.04951 
1596  0.04948 
1597  0.04955 
1598  0.04953 
1599  0.04963 
1600  0.04950 
1601  0.04943 
1602  0.04933 
1603  0.04921 
1604  0.04915 
1605  0.04918 
1606  0.04924 
1607  0.04916 
1608  0.04915 
1609  0.04924 
1610  0.04927 
1611  0.04948 
1612  0.04965 
1613  0.04993 
1614  0.05021 
1615  0.05036 
1616  0.05054 
1617  0.05077 
1618  0.05094 
1619  0.05110 
1620  0.05124 
1621  0.05126 
1622  0.05123 
1623  0.05139 
1624  0.05134 
1625  0.05150 
1626  0.05155 
1627  0.05160 
1628  0.05170 
1629  0.05168 
1630  0.05175 
1631  0.05187 
1632  0.05211 
1633  0.05227 
1634  0.05235 
1635  0.05231 
1636  0.05229 
1637  0.05225 
1638  0.05218 
1639  0.05210 
1640  0.05213 
1641  0.05204 
1642  0.05206 
1643  0.05206 
1644  0.05195 
1645  0.05200 
1646  0.05195 
1647  0.05197 
1648  0.05205 
1649  0.05206 
1650  0.05214 
1651  0.05230 
1652  0.05262 
1653  0.05275 
1654  0.05271 
1655  0.05257 
1656  0.05240 
1657  0.05224 
1658  0.05219 
1659  0.05209 
1660  0.05210 
1661  0.05195 
1662  0.05185 
1663  0.05169 
1664  0.05158 
1665  0.05152 
1666  0.05147 
1667  0.05139 
1668  0.05149 
1669  0.05145 
1670  0.05148 
1671  0.05155 
1672  0.05163 
1673  0.05175 
1674  0.05180 
1675  0.05174 
1676  0.05171 
1677  0.05149 
1678  0.05139 
1679  0.05130 
1680  0.05122 
1681  0.05124 
1682  0.05130 
1683  0.05135 
1684  0.05142 
1685  0.05154 
1686  0.05160 
1687  0.05166 
1688  0.05187 
1689  0.05198 
1690  0.05209 
1691  0.05225 
1692  0.05237 
1693  0.05245 
1694  0.05256 
1695  0.05248 
1696  0.05250 
1697  0.05246 
1698  0.05238 
1699  0.05234 
1700  0.05239 
1701  0.05239 
1702  0.05239 
1703  0.05243 
1704  0.05238 
1705  0.05234 
1706  0.05222 
1707  0.05213 
1708  0.05201 
1709  0.05203 
1710  0.05201 
1711  0.05208 
1712  0.05217 
1713  0.05208 
1714  0.05210 
1715  0.05200 
1716  0.05174 
1717  0.05154 
1718  0.05134 
1719  0.05117 
1720  0.05107 
1721  0.05095 
1722  0.05079 
1723  0.05077 
1724  0.05070 
1725  0.05059 
1726  0.05055 
1727  0.05057 
1728  0.05057 
1729  0.05053 
1730  0.05049 
1731  0.05055 
1732  0.05056 
1733  0.05066 
1734  0.05077 
1735  0.05066 
1736  0.05051 
1737  0.05042 
1738  0.05028 
1739  0.05019 
1740  0.05009 
1741  0.04995 
1742  0.04980 
1743  0.04975 
1744  0.04976 
1745  0.04971 
1746  0.04960 
1747  0.04964 
1748  0.04964 
1749  0.04962 
1750  0.04966 
1751  0.04971 
1752  0.04977 
1753  0.04978 
1754  0.04973 
1755  0.04966 
1756  0.04945 
1757  0.04933 
1758  0.04907 
1759  0.04891 
1760  0.04876 
1761  0.04864 
1762  0.04844 
1763  0.04836 
1764  0.04831 
1765  0.04831 
1766  0.04828 
1767  0.04828 
1768  0.04839 
1769  0.04848 
1770  0.04850 
1771  0.04857 
1772  0.04872 
1773  0.04886 
1774  0.04888 
1775  0.04881 
1776  0.04867 
1777  0.04855 
1778  0.04839 
1779  0.04824 
1780  0.04822 
1781  0.04802 
1782  0.04784 
1783  0.04773 
1784  0.04768 
1785  0.04771 
1786  0.04767 
1787  0.04760 
1788  0.04767 
1789  0.04778 
1790  0.04784 
1791  0.04795 
1792  0.04802 
1793  0.04817 
1794  0.04822 
1795  0.04824 
1796  0.04809 
1797  0.04800 
1798  0.04792 
1799  0.04781 
1800  0.04778 
1801  0.04773 
1802  0.04762 
1803  0.04756 
1804  0.04756 
1805  0.04747 
1806  0.04740 
1807  0.04738 
1808  0.04736 
1809  0.04733 
1810  0.04741 
1811  0.04746 
1812  0.04753 
1813  0.04758 
1814  0.04761 
1815  0.04761 
1816  0.04751 
1817  0.04747 
1818  0.04727 
1819  0.04714 
1820  0.04700 
1821  0.04685 
1822  0.04656 
1823  0.04645 
1824  0.04634 
1825  0.04633 
1826  0.04624 
1827  0.04612 
1828  0.04617 
1829  0.04611 
1830  0.04611 
1831  0.04615 
1832  0.04614 
1833  0.04618 
1834  0.04624 
1835  0.04615 
1836  0.04616 
1837  0.04614 
1838  0.04606 
1839  0.04594 
1840  0.04576 
1841  0.04558 
1842  0.04540 
1843  0.04520 
1844  0.04500 
1845  0.04492 
1846  0.04480 
1847  0.04467 
1848  0.04462 
1849  0.04464 
1850  0.04461 
1851  0.04467 
1852  0.04467 
1853  0.04471 
1854  0.04480 
1855  0.04484 
1856  0.04488 
1857  0.04492 
1858  0.04498 
1859  0.04500 
1860  0.04486 
1861  0.04474 
1862  0.04440 
1863  0.04414 
1864  0.04401 
1865  0.04392 
1866  0.04376 
1867  0.04362 
1868  0.04357 
1869  0.04347 
1870  0.04340 
1871  0.04343 
1872  0.04336 
1873  0.04338 
1874  0.04339 
1875  0.04338 
1876  0.04343 
1877  0.04337 
1878  0.04338 
1879  0.04331 
1880  0.04342 
1881  0.04333 
1882  0.04326 
1883  0.04326 
1884  0.04322 
1885  0.04321 
1886  0.04326 
1887  0.04336 
1888  0.04343 
1889  0.04350 
1890  0.04362 
1891  0.04363 
1892  0.04375 
1893  0.04395 
1894  0.04402 
1895  0.04405 
1896  0.04413 
1897  0.04409 
1898  0.04402 
1899  0.04393 
1900  0.04401 
1901  0.04398 
1902  0.04385 
1903  0.04365 
1904  0.04338 
1905  0.04329 
1906  0.04326 
1907  0.04318 
1908  0.04314 
1909  0.04315 
1910  0.04324 
1911  0.04336 
1912  0.04349 
1913  0.04358 
1914  0.04374 
1915  0.04381 
1916  0.04393 
1917  0.04398 
1918  0.04405 
1919  0.04409 
1920  0.04412 
1921  0.04398 
1922  0.04389 
1923  0.04378 
1924  0.04365 
1925  0.04356 
1926  0.04351 
1927  0.04347 
1928  0.04345 
1929  0.04337 
1930  0.04330 
1931  0.04329 
1932  0.04326 
1933  0.04320 
1934  0.04314 
1935  0.04306 
1936  0.04298 
1937  0.04298 
1938  0.04285 
1939  0.04272 
1940  0.04281 
1941  0.04266 
1942  0.04247 
1943  0.04233 
1944  0.04217 
1945  0.04208 
1946  0.04197 
1947  0.04190 
1948  0.04182 
1949  0.04177 
1950  0.04179 
1951  0.04176 
1952  0.04178 
1953  0.04185 
1954  0.04184 
1955  0.04192 
1956  0.04192 
1957  0.04198 
1958  0.04199 
1959  0.04185 
1960  0.04202 
1961  0.04204 
1962  0.04197 
1963  0.04192 
1964  0.04178 
1965  0.04182 
1966  0.04171 
1967  0.04170 
1968  0.04171 
1969  0.04178 
1970  0.04179 
1971  0.04185 
1972  0.04187 
1973  0.04195 
1974  0.04211 
1975  0.04227 
1976  0.04228 
1977  0.04229 
1978  0.04229 
1979  0.04231 
1980  0.04246 
1981  0.04247 
1982  0.04245 
1983  0.04251 
1984  0.04247 
1985  0.04244 
1986  0.04244 
1987  0.04242 
1988  0.04247 
1989  0.04251 
1990  0.04255 
1991  0.04272 
1992  0.04288 
1993  0.04304 
1994  0.04313 
1995  0.04321 
1996  0.04325 
1997  0.04329 
1998  0.04335 
1999  0.04326 

