0     0.10406 
1     0.10413 
2     0.10424 
3     0.10430 
4     0.10437 
5     0.10449 
6     0.10454 
7     0.10454 
8     0.10450 
9     0.10445 
10    0.10436 
11    0.10424 
12    0.10411 
13    0.10387 
14    0.10367 
15    0.10346 
16    0.10336 
17    0.10329 
18    0.10325 
19    0.10323 
20    0.10380 
21    0.10385 
22    0.10392 
23    0.10388 
24    0.10389 
25    0.10400 
26    0.10405 
27    0.10399 
28    0.10386 
29    0.10376 
30    0.10360 
31    0.10340 
32    0.10325 
33    0.10297 
34    0.10276 
35    0.10252 
36    0.10239 
37    0.10239 
38    0.10238 
39    0.10229 
40    0.10283 
41    0.10283 
42    0.10287 
43    0.10281 
44    0.10273 
45    0.10273 
46    0.10274 
47    0.10261 
48    0.10253 
49    0.10243 
50    0.10226 
51    0.10203 
52    0.10183 
53    0.10154 
54    0.10130 
55    0.10101 
56    0.10079 
57    0.10073 
58    0.10074 
59    0.10068 
60    0.10123 
61    0.10129 
62    0.10137 
63    0.10135 
64    0.10135 
65    0.10139 
66    0.10142 
67    0.10133 
68    0.10128 
69    0.10120 
70    0.10106 
71    0.10087 
72    0.10074 
73    0.10050 
74    0.10034 
75    0.10010 
76    0.09995 
77    0.09988 
78    0.09986 
79    0.09977 
80    0.10027 
81    0.10027 
82    0.10031 
83    0.10024 
84    0.10021 
85    0.10020 
86    0.10017 
87    0.10008 
88    0.09993 
89    0.09983 
90    0.09973 
91    0.09952 
92    0.09934 
93    0.09904 
94    0.09880 
95    0.09849 
96    0.09834 
97    0.09827 
98    0.09824 
99    0.09819 
100   0.09862 
101   0.09857 
102   0.09866 
103   0.09858 
104   0.09854 
105   0.09851 
106   0.09853 
107   0.09850 
108   0.09844 
109   0.09833 
110   0.09821 
111   0.09799 
112   0.09768 
113   0.09736 
114   0.09708 
115   0.09673 
116   0.09655 
117   0.09642 
118   0.09634 
119   0.09620 
120   0.09660 
121   0.09664 
122   0.09663 
123   0.09667 
124   0.09661 
125   0.09663 
126   0.09661 
127   0.09657 
128   0.09650 
129   0.09631 
130   0.09625 
131   0.09603 
132   0.09579 
133   0.09547 
134   0.09517 
135   0.09494 
136   0.09479 
137   0.09469 
138   0.09466 
139   0.09456 
140   0.09504 
141   0.09508 
142   0.09519 
143   0.09531 
144   0.09527 
145   0.09521 
146   0.09514 
147   0.09504 
148   0.09488 
149   0.09477 
150   0.09464 
151   0.09441 
152   0.09402 
153   0.09361 
154   0.09331 
155   0.09293 
156   0.09273 
157   0.09257 
158   0.09250 
159   0.09234 
160   0.09282 
161   0.09289 
162   0.09300 
163   0.09308 
164   0.09306 
165   0.09297 
166   0.09285 
167   0.09267 
168   0.09252 
169   0.09236 
170   0.09217 
171   0.09192 
172   0.09144 
173   0.09099 
174   0.09074 
175   0.09047 
176   0.09021 
177   0.09015 
178   0.09009 
179   0.09008 
180   0.09054 
181   0.09056 
182   0.09067 
183   0.09072 
184   0.09067 
185   0.09060 
186   0.09049 
187   0.09038 
188   0.09016 
189   0.08988 
190   0.08969 
191   0.08939 
192   0.08887 
193   0.08844 
194   0.08813 
195   0.08780 
196   0.08749 
197   0.08741 
198   0.08727 
199   0.08723 
200   0.08766 
201   0.08771 
202   0.08781 
203   0.08794 
204   0.08788 
205   0.08776 
206   0.08765 
207   0.08749 
208   0.08731 
209   0.08715 
210   0.08700 
211   0.08675 
212   0.08636 
213   0.08601 
214   0.08571 
215   0.08536 
216   0.08512 
217   0.08504 
218   0.08490 
219   0.08485 
220   0.08533 
221   0.08541 
222   0.08553 
223   0.08555 
224   0.08549 
225   0.08539 
226   0.08532 
227   0.08522 
228   0.08503 
229   0.08482 
230   0.08469 
231   0.08450 
232   0.08401 
233   0.08360 
234   0.08337 
235   0.08307 
236   0.08290 
237   0.08284 
238   0.08270 
239   0.08269 
240   0.08317 
241   0.08332 
242   0.08350 
243   0.08361 
244   0.08359 
245   0.08343 
246   0.08335 
247   0.08318 
248   0.08292 
249   0.08277 
250   0.08266 
251   0.08237 
252   0.08196 
253   0.08149 
254   0.08121 
255   0.08091 
256   0.08068 
257   0.08061 
258   0.08051 
259   0.08045 
260   0.08091 
261   0.08102 
262   0.08113 
263   0.08128 
264   0.08122 
265   0.08116 
266   0.08100 
267   0.08085 
268   0.08068 
269   0.08051 
270   0.08041 
271   0.08024 
272   0.07996 
273   0.07960 
274   0.07941 
275   0.07916 
276   0.07902 
277   0.07894 
278   0.07884 
279   0.07890 
280   0.07941 
281   0.07948 
282   0.07955 
283   0.07960 
284   0.07952 
285   0.07930 
286   0.07914 
287   0.07894 
288   0.07869 
289   0.07857 
290   0.07847 
291   0.07829 
292   0.07797 
293   0.07765 
294   0.07746 
295   0.07719 
296   0.07706 
297   0.07701 
298   0.07695 
299   0.07700 
300   0.07759 
301   0.07768 
302   0.07777 
303   0.07786 
304   0.07781 
305   0.07769 
306   0.07762 
307   0.07749 
308   0.07738 
309   0.07736 
310   0.07732 
311   0.07714 
312   0.07687 
313   0.07656 
314   0.07643 
315   0.07623 
316   0.07610 
317   0.07595 
318   0.07578 
319   0.07576 
320   0.07625 
321   0.07622 
322   0.07626 
323   0.07629 
324   0.07623 
325   0.07600 
326   0.07589 
327   0.07561 
328   0.07546 
329   0.07547 
330   0.07545 
331   0.07522 
332   0.07487 
333   0.07453 
334   0.07438 
335   0.07411 
336   0.07396 
337   0.07379 
338   0.07358 
339   0.07354 
340   0.07400 
341   0.07408 
342   0.07411 
343   0.07417 
344   0.07402 
345   0.07386 
346   0.07362 
347   0.07345 
348   0.07328 
349   0.07313 
350   0.07313 
351   0.07298 
352   0.07277 
353   0.07248 
354   0.07231 
355   0.07209 
356   0.07194 
357   0.07188 
358   0.07175 
359   0.07178 
360   0.07219 
361   0.07222 
362   0.07227 
363   0.07230 
364   0.07220 
365   0.07201 
366   0.07189 
367   0.07167 
368   0.07160 
369   0.07158 
370   0.07162 
371   0.07152 
372   0.07137 
373   0.07122 
374   0.07120 
375   0.07105 
376   0.07083 
377   0.07079 
378   0.07074 
379   0.07075 
380   0.07117 
381   0.07129 
382   0.07135 
383   0.07128 
384   0.07120 
385   0.07090 
386   0.07086 
387   0.07068 
388   0.07052 
389   0.07046 
390   0.07048 
391   0.07039 
392   0.07013 
393   0.06995 
394   0.06989 
395   0.06980 
396   0.06969 
397   0.06956 
398   0.06942 
399   0.06944 
400   0.06933 
401   0.06941 
402   0.06943 
403   0.06947 
404   0.06944 
405   0.06931 
406   0.06919 
407   0.06910 
408   0.06898 
409   0.06902 
410   0.06900 
411   0.06891 
412   0.06874 
413   0.06857 
414   0.06857 
415   0.06850 
416   0.06840 
417   0.06842 
418   0.06834 
419   0.06841 
420   0.06834 
421   0.06838 
422   0.06857 
423   0.06876 
424   0.06867 
425   0.06854 
426   0.06847 
427   0.06833 
428   0.06820 
429   0.06820 
430   0.06820 
431   0.06814 
432   0.06806 
433   0.06795 
434   0.06800 
435   0.06794 
436   0.06786 
437   0.06779 
438   0.06777 
439   0.06785 
440   0.06792 
441   0.06795 
442   0.06800 
443   0.06800 
444   0.06792 
445   0.06780 
446   0.06777 
447   0.06764 
448   0.06755 
449   0.06755 
450   0.06749 
451   0.06739 
452   0.06714 
453   0.06693 
454   0.06686 
455   0.06678 
456   0.06659 
457   0.06659 
458   0.06656 
459   0.06661 
460   0.06659 
461   0.06660 
462   0.06675 
463   0.06679 
464   0.06674 
465   0.06661 
466   0.06656 
467   0.06633 
468   0.06617 
469   0.06605 
470   0.06596 
471   0.06584 
472   0.06563 
473   0.06545 
474   0.06548 
475   0.06543 
476   0.06528 
477   0.06528 
478   0.06521 
479   0.06523 
480   0.06515 
481   0.06525 
482   0.06538 
483   0.06544 
484   0.06533 
485   0.06515 
486   0.06510 
487   0.06494 
488   0.06485 
489   0.06486 
490   0.06474 
491   0.06444 
492   0.06425 
493   0.06402 
494   0.06396 
495   0.06379 
496   0.06357 
497   0.06353 
498   0.06350 
499   0.06356 
500   0.06350 
501   0.06348 
502   0.06353 
503   0.06358 
504   0.06343 
505   0.06337 
506   0.06332 
507   0.06326 
508   0.06311 
509   0.06320 
510   0.06321 
511   0.06311 
512   0.06307 
513   0.06292 
514   0.06286 
515   0.06286 
516   0.06280 
517   0.06280 
518   0.06279 
519   0.06276 
520   0.06309 
521   0.06309 
522   0.06316 
523   0.06319 
524   0.06298 
525   0.06283 
526   0.06272 
527   0.06259 
528   0.06261 
529   0.06266 
530   0.06266 
531   0.06257 
532   0.06249 
533   0.06237 
534   0.06236 
535   0.06231 
536   0.06219 
537   0.06218 
538   0.06211 
539   0.06214 
540   0.06190 
541   0.06182 
542   0.06187 
543   0.06188 
544   0.06178 
545   0.06171 
546   0.06167 
547   0.06156 
548   0.06137 
549   0.06151 
550   0.06132 
551   0.06127 
552   0.06128 
553   0.06130 
554   0.06128 
555   0.06121 
556   0.06112 
557   0.06107 
558   0.06102 
559   0.06093 
560   0.06055 
561   0.06053 
562   0.06056 
563   0.06046 
564   0.06025 
565   0.06002 
566   0.05999 
567   0.05985 
568   0.05972 
569   0.05979 
570   0.05976 
571   0.05971 
572   0.05970 
573   0.05970 
574   0.05974 
575   0.05976 
576   0.05978 
577   0.05984 
578   0.05974 
579   0.05977 
580   0.05955 
581   0.05959 
582   0.05961 
583   0.05962 
584   0.05960 
585   0.05957 
586   0.05954 
587   0.05949 
588   0.05945 
589   0.05951 
590   0.05959 
591   0.05957 
592   0.05961 
593   0.05961 
594   0.05972 
595   0.05969 
596   0.05978 
597   0.05974 
598   0.05972 
599   0.05970 
600   0.05954 
601   0.05953 
602   0.05954 
603   0.05958 
604   0.05937 
605   0.05926 
606   0.05913 
607   0.05894 
608   0.05883 
609   0.05879 
610   0.05873 
611   0.05864 
612   0.05827 
613   0.05831 
614   0.05821 
615   0.05814 
616   0.05798 
617   0.05790 
618   0.05789 
619   0.05784 
620   0.05765 
621   0.05759 
622   0.05761 
623   0.05768 
624   0.05761 
625   0.05755 
626   0.05758 
627   0.05740 
628   0.05733 
629   0.05733 
630   0.05729 
631   0.05719 
632   0.05706 
633   0.05694 
634   0.05680 
635   0.05671 
636   0.05651 
637   0.05644 
638   0.05633 
639   0.05623 
640   0.05610 
641   0.05617 
642   0.05611 
643   0.05611 
644   0.05600 
645   0.05573 
646   0.05561 
647   0.05547 
648   0.05533 
649   0.05530 
650   0.05529 
651   0.05524 
652   0.05494 
653   0.05485 
654   0.05490 
655   0.05485 
656   0.05474 
657   0.05468 
658   0.05466 
659   0.05460 
660   0.05450 
661   0.05459 
662   0.05469 
663   0.05464 
664   0.05454 
665   0.05443 
666   0.05431 
667   0.05413 
668   0.05397 
669   0.05395 
670   0.05396 
671   0.05397 
672   0.05367 
673   0.05374 
674   0.05376 
675   0.05375 
676   0.05369 
677   0.05364 
678   0.05372 
679   0.05366 
680   0.05346 
681   0.05343 
682   0.05345 
683   0.05339 
684   0.05341 
685   0.05336 
686   0.05324 
687   0.05306 
688   0.05296 
689   0.05295 
690   0.05292 
691   0.05289 
692   0.05265 
693   0.05266 
694   0.05266 
695   0.05269 
696   0.05252 
697   0.05244 
698   0.05242 
699   0.05244 
700   0.05212 
701   0.05213 
702   0.05194 
703   0.05184 
704   0.05172 
705   0.05154 
706   0.05131 
707   0.05115 
708   0.05098 
709   0.05101 
710   0.05099 
711   0.05098 
712   0.05090 
713   0.05077 
714   0.05081 
715   0.05081 
716   0.05065 
717   0.05063 
718   0.05073 
719   0.05072 
720   0.05067 
721   0.05073 
722   0.05082 
723   0.05081 
724   0.05076 
725   0.05070 
726   0.05060 
727   0.05051 
728   0.05048 
729   0.05038 
730   0.05041 
731   0.05039 
732   0.05029 
733   0.05027 
734   0.05022 
735   0.05022 
736   0.05012 
737   0.05007 
738   0.05007 
739   0.05002 
740   0.04975 
741   0.04972 
742   0.04973 
743   0.04968 
744   0.04957 
745   0.04952 
746   0.04939 
747   0.04928 
748   0.04929 
749   0.04927 
750   0.04933 
751   0.04944 
752   0.04938 
753   0.04937 
754   0.04934 
755   0.04930 
756   0.04915 
757   0.04913 
758   0.04895 
759   0.04893 
760   0.04879 
761   0.04865 
762   0.04858 
763   0.04857 
764   0.04851 
765   0.04843 
766   0.04830 
767   0.04823 
768   0.04828 
769   0.04833 
770   0.04841 
771   0.04843 
772   0.04844 
773   0.04845 
774   0.04841 
775   0.04842 
776   0.04833 
777   0.04833 
778   0.04831 
779   0.04830 
780   0.04821 
781   0.04816 
782   0.04819 
783   0.04812 
784   0.04796 
785   0.04783 
786   0.04765 
787   0.04754 
788   0.04746 
789   0.04738 
790   0.04733 
791   0.04729 
792   0.04727 
793   0.04718 
794   0.04713 
795   0.04701 
796   0.04696 
797   0.04685 
798   0.04678 
799   0.04669 
800   0.04649 
801   0.04645 
802   0.04647 
803   0.04655 
804   0.04655 
805   0.04648 
806   0.04649 
807   0.04647 
808   0.04641 
809   0.04648 
810   0.04655 
811   0.04663 
812   0.04668 
813   0.04661 
814   0.04659 
815   0.04652 
816   0.04652 
817   0.04657 
818   0.04653 
819   0.04655 
820   0.04647 
821   0.04647 
822   0.04660 
823   0.04663 
824   0.04661 
825   0.04653 
826   0.04654 
827   0.04645 
828   0.04642 
829   0.04639 
830   0.04642 
831   0.04642 
832   0.04641 
833   0.04637 
834   0.04632 
835   0.04623 
836   0.04615 
837   0.04609 
838   0.04595 
839   0.04600 
840   0.04579 
841   0.04576 
842   0.04581 
843   0.04586 
844   0.04577 
845   0.04568 
846   0.04553 
847   0.04550 
848   0.04539 
849   0.04534 
850   0.04540 
851   0.04540 
852   0.04541 
853   0.04533 
854   0.04525 
855   0.04515 
856   0.04515 
857   0.04513 
858   0.04510 
859   0.04514 
860   0.04502 
861   0.04504 
862   0.04526 
863   0.04548 
864   0.04543 
865   0.04529 
866   0.04534 
867   0.04526 
868   0.04512 
869   0.04511 
870   0.04503 
871   0.04511 
872   0.04513 
873   0.04519 
874   0.04518 
875   0.04515 
876   0.04522 
877   0.04523 
878   0.04528 
879   0.04539 
880   0.04529 
881   0.04538 
882   0.04548 
883   0.04562 
884   0.04554 
885   0.04539 
886   0.04530 
887   0.04510 
888   0.04485 
889   0.04483 
890   0.04479 
891   0.04477 
892   0.04470 
893   0.04464 
894   0.04464 
895   0.04461 
896   0.04464 
897   0.04465 
898   0.04466 
899   0.04482 
900   0.04474 
901   0.04467 
902   0.04478 
903   0.04492 
904   0.04474 
905   0.04461 
906   0.04460 
907   0.04453 
908   0.04441 
909   0.04441 
910   0.04435 
911   0.04435 
912   0.04437 
913   0.04439 
914   0.04441 
915   0.04442 
916   0.04447 
917   0.04449 
918   0.04450 
919   0.04456 
920   0.04447 
921   0.04446 
922   0.04458 
923   0.04465 
924   0.04456 
925   0.04441 
926   0.04439 
927   0.04424 
928   0.04409 
929   0.04397 
930   0.04394 
931   0.04396 
932   0.04390 
933   0.04384 
934   0.04384 
935   0.04377 
936   0.04376 
937   0.04374 
938   0.04368 
939   0.04374 
940   0.04372 
941   0.04365 
942   0.04365 
943   0.04380 
944   0.04364 
945   0.04342 
946   0.04340 
947   0.04324 
948   0.04311 
949   0.04305 
950   0.04301 
951   0.04289 
952   0.04293 
953   0.04281 
954   0.04275 
955   0.04270 
956   0.04270 
957   0.04270 
958   0.04269 
959   0.04267 
960   0.04251 
961   0.04242 
962   0.04243 
963   0.04241 
964   0.04232 
965   0.04218 
966   0.04207 
967   0.04184 
968   0.04169 
969   0.04154 
970   0.04144 
971   0.04129 
972   0.04121 
973   0.04110 
974   0.04104 
975   0.04092 
976   0.04093 
977   0.04090 
978   0.04083 
979   0.04084 
980   0.04070 
981   0.04061 
982   0.04058 
983   0.04064 
984   0.04042 
985   0.04030 
986   0.04012 
987   0.03985 
988   0.03967 
989   0.03961 
990   0.03954 
991   0.03949 
992   0.03954 
993   0.03947 
994   0.03941 
995   0.03932 
996   0.03925 
997   0.03921 
998   0.03911 
999   0.03913 

