0	1.000000
1	0.999000
2	0.999000
3	0.995000
4	0.994200
5	0.994200
6	0.994000
7	0.990600
8	0.989800
9	0.991000
10	0.988800
11	0.986000
12	0.987400
13	0.985000
14	0.979200
15	0.975200
16	0.972400
17	0.965800
18	0.963400
19	0.960200
20	0.961200
21	0.959600
22	0.955800
23	0.950400
24	0.948400
25	0.947400
26	0.944600
27	0.946600
28	0.946000
29	0.942400
30	0.940000
31	0.931400
32	0.936200
33	0.932400
34	0.926800
35	0.920600
36	0.920800
37	0.914800
38	0.907200
39	0.905200
40	0.903800
41	0.899000
42	0.896800
43	0.895600
44	0.897000
45	0.899400
46	0.896800
47	0.896800
48	0.894400
49	0.887200
50	0.886000
51	0.881800
52	0.887800
53	0.886400
54	0.880600
55	0.873000
56	0.869600
57	0.861600
58	0.857400
59	0.855600
60	0.852400
61	0.850600
62	0.845600
63	0.841600
64	0.839800
65	0.836400
66	0.838600
67	0.835400
68	0.833200
69	0.830000
70	0.826400
71	0.819000
72	0.822200
73	0.818800
74	0.811600
75	0.805200
76	0.800600
77	0.794400
78	0.789600
79	0.788200
80	0.785800
81	0.783800
82	0.780200
83	0.775600
84	0.772600
85	0.770400
86	0.770600
87	0.768200
88	0.766400
89	0.760400
90	0.757200
91	0.748600
92	0.749800
93	0.745000
94	0.735800
95	0.729800
96	0.726200
97	0.720000
98	0.719600
99	0.722800
100	0.718400
101	0.715200
102	0.711000
103	0.706400
104	0.705600
105	0.706400
106	0.709400
107	0.709400
108	0.706000
109	0.703000
110	0.702200
111	0.698000
112	0.699600
113	0.691200
114	0.686600
115	0.681200
116	0.678400
117	0.672200
118	0.671800
119	0.673400
120	0.669600
121	0.662800
122	0.664600
123	0.663000
124	0.663800
125	0.669400
126	0.668200
127	0.672000
128	0.669800
129	0.667600
130	0.665800
131	0.659800
132	0.661400
133	0.653800
134	0.651400
135	0.648200
136	0.644400
137	0.638400
138	0.636600
139	0.634800
140	0.630000
141	0.626400
142	0.624000
143	0.621200
144	0.622000
145	0.623400
146	0.624800
147	0.629600
148	0.626000
149	0.626400
150	0.623000
151	0.621000
152	0.625800
153	0.615200
154	0.614600
155	0.612200
156	0.608600
157	0.601600
158	0.597800
159	0.598600
160	0.596200
161	0.592000
162	0.592800
163	0.591200
164	0.591200
165	0.596800
166	0.590400
167	0.598200
168	0.598800
169	0.600000
170	0.594600
171	0.596200
172	0.595600
173	0.587600
174	0.587000
175	0.587000
176	0.589600
177	0.587400
178	0.581200
179	0.584200
180	0.581200
181	0.578600
182	0.575800
183	0.574600
184	0.575400
185	0.578600
186	0.575000
187	0.581800
188	0.580800
189	0.576600
190	0.572200
191	0.573600
192	0.573200
193	0.565000
194	0.568000
195	0.563800
196	0.564200
197	0.562000
198	0.557600
199	0.558600
200	0.559200
201	0.561000
202	0.560400
203	0.556000
204	0.556000
205	0.559600
206	0.556600
207	0.562200
208	0.561600
209	0.557400
210	0.552000
211	0.549400
212	0.549200
213	0.545800
214	0.547800
215	0.544600
216	0.542800
217	0.539800
218	0.533400
219	0.537800
220	0.537400
221	0.540200
222	0.538600
223	0.536600
224	0.534200
225	0.535600
226	0.534400
227	0.539400
228	0.537800
229	0.535800
230	0.530400
231	0.527600
232	0.525600
233	0.522800
234	0.521600
235	0.518400
236	0.518400
237	0.514400
238	0.510200
239	0.512400
240	0.507800
241	0.512400
242	0.512200
243	0.509400
244	0.512600
245	0.513600
246	0.511600
247	0.513200
248	0.511400
249	0.506800
250	0.504600
251	0.502000
252	0.501200
253	0.496400
254	0.491800
255	0.486600
256	0.483400
257	0.479800
258	0.477200
259	0.481600
260	0.479800
261	0.477400
262	0.477000
263	0.475600
264	0.477800
265	0.483800
266	0.483000
267	0.486400
268	0.483800
269	0.480800
270	0.479000
271	0.477400
272	0.475400
273	0.470800
274	0.470000
275	0.467800
276	0.467400
277	0.464200
278	0.460800
279	0.463400
280	0.462400
281	0.464200
282	0.464600
283	0.462200
284	0.463000
285	0.469000
286	0.468200
287	0.468400
288	0.466400
289	0.459600
290	0.458600
291	0.457000
292	0.455400
293	0.450800
294	0.447600
295	0.445600
296	0.443800
297	0.439200
298	0.440200
299	0.441000
300	0.440200
301	0.436800
302	0.440400
303	0.438600
304	0.437800
305	0.440400
306	0.439400
307	0.440600
308	0.438800
309	0.433800
310	0.433000
311	0.432000
312	0.431400
313	0.425200
314	0.426000
315	0.426200
316	0.424800
317	0.421200
318	0.422200
319	0.423800
320	0.421000
321	0.420000
322	0.422400
323	0.419800
324	0.417800
325	0.418400
326	0.419000
327	0.419600
328	0.416400
329	0.414400
330	0.412600
331	0.408400
332	0.409400
333	0.401600
334	0.403800
335	0.401400
336	0.402400
337	0.400400
338	0.402600
339	0.400000
340	0.397400
341	0.396800
342	0.398000
343	0.398400
344	0.395800
345	0.397800
346	0.396200
347	0.399600
348	0.398000
349	0.393000
350	0.392200
351	0.389600
352	0.391800
353	0.385600
354	0.386800
355	0.384600
356	0.386600
357	0.383800
358	0.383800
359	0.383400
360	0.382400
361	0.380400
362	0.380200
363	0.380200
364	0.375400
365	0.377600
366	0.376800
367	0.378400
368	0.376800
369	0.374600
370	0.374800
371	0.372600
372	0.372800
373	0.367800
374	0.369200
375	0.368200
376	0.366800
377	0.364600
378	0.358600
379	0.357800
380	0.355200
381	0.352600
382	0.355600
383	0.353400
384	0.351800
385	0.352600
386	0.348400
387	0.351400
388	0.347000
389	0.344600
390	0.343200
391	0.341800
392	0.342200
393	0.337200
394	0.335000
395	0.335600
396	0.336800
397	0.335800
398	0.333200
399	0.331200
400	0.330000
401	0.328000
402	0.328000
403	0.326400
404	0.324000
405	0.325800
406	0.325600
407	0.328400
408	0.324400
409	0.321800
410	0.320200
411	0.318400
412	0.321600
413	0.318400
414	0.316000
415	0.313400
416	0.313000
417	0.310000
418	0.307600
419	0.306800
420	0.306400
421	0.304200
422	0.305400
423	0.303600
424	0.302200
425	0.303200
426	0.302800
427	0.304400
428	0.302200
429	0.298400
430	0.296000
431	0.294200
432	0.293400
433	0.290200
434	0.286400
435	0.282600
436	0.283600
437	0.284200
438	0.281000
439	0.279800
440	0.279200
441	0.276600
442	0.278600
443	0.274800
444	0.273800
445	0.274200
446	0.273400
447	0.274200
448	0.273800
449	0.271600
450	0.270600
451	0.266800
452	0.266400
453	0.264000
454	0.259800
455	0.258400
456	0.258400
457	0.256400
458	0.256000
459	0.256000
460	0.253800
461	0.252600
462	0.255800
463	0.253600
464	0.253400
465	0.259000
466	0.259400
467	0.259800
468	0.258600
469	0.257200
470	0.257400
471	0.253000
472	0.252600
473	0.251200
474	0.250000
475	0.245400
476	0.245600
477	0.244000
478	0.242000
479	0.243600
480	0.242600
481	0.239600
482	0.237400
483	0.235200
484	0.235400
485	0.240200
486	0.239000
487	0.239200
488	0.236800
489	0.237400
490	0.237400
491	0.234800
492	0.233000
493	0.231600
494	0.232400
495	0.230200
496	0.232200
497	0.229600
498	0.229600
499	0.230000
500	0.228400
501	0.227600
502	0.229800
503	0.231200
504	0.229200
505	0.230800
506	0.227400
507	0.230000
508	0.228400
509	0.227200
510	0.225600
511	0.224200
512	0.222800
513	0.220400
514	0.218400
515	0.218400
516	0.219400
517	0.218000
518	0.217600
519	0.218000
520	0.216400
521	0.215000
522	0.214800
523	0.212600
524	0.214200
525	0.215000
526	0.213600
527	0.215600
528	0.214000
529	0.214000
530	0.212000
531	0.212200
532	0.210800
533	0.209000
534	0.210400
535	0.209800
536	0.210000
537	0.208600
538	0.206400
539	0.209200
540	0.206800
541	0.207200
542	0.208400
543	0.207600
544	0.205400
545	0.206600
546	0.205800
547	0.205200
548	0.206000
549	0.206200
550	0.205200
551	0.203400
552	0.201200
553	0.199800
554	0.201600
555	0.199600
556	0.198200
557	0.196000
558	0.193200
559	0.194200
560	0.195000
561	0.192800
562	0.192800
563	0.193000
564	0.192600
565	0.193200
566	0.192800
567	0.193400
568	0.193800
569	0.193600
570	0.193000
571	0.193200
572	0.193400
573	0.192600
574	0.193000
575	0.192800
576	0.192800
577	0.189600
578	0.190200
579	0.191600
580	0.190200
581	0.188800
582	0.190400
583	0.190000
584	0.190600
585	0.191800
586	0.191800
587	0.193800
588	0.194000
589	0.193000
590	0.193000
591	0.193000
592	0.192400
593	0.192000
594	0.191800
595	0.191200
596	0.192000
597	0.190200
598	0.188400
599	0.188000
600	0.187600
601	0.181200
602	0.182600
603	0.182200
604	0.179200
605	0.178400
606	0.177600
607	0.180400
608	0.180800
609	0.179600
610	0.180000
611	0.179400
612	0.179400
613	0.180200
614	0.179800
615	0.178200
616	0.180200
617	0.179600
618	0.178800
619	0.179400
620	0.179000
621	0.176400
622	0.176000
623	0.174400
624	0.172400
625	0.174000
626	0.176800
627	0.176200
628	0.176800
629	0.176400
630	0.176800
631	0.175800
632	0.174800
633	0.173200
634	0.173200
635	0.172600
636	0.174800
637	0.173400
638	0.173200
639	0.174600
640	0.173200
641	0.168600
642	0.168000
643	0.168000
644	0.167400
645	0.168000
646	0.167800
647	0.168000
648	0.168600
649	0.168600
650	0.168000
651	0.164800
652	0.163800
653	0.163400
654	0.160800
655	0.159600
656	0.160200
657	0.159200
658	0.157800
659	0.160200
660	0.157400
661	0.155400
662	0.155800
663	0.155400
664	0.154200
665	0.154000
666	0.155000
667	0.153800
668	0.153800
669	0.152800
670	0.152200
671	0.150400
672	0.148200
673	0.148000
674	0.148400
675	0.146800
676	0.147000
677	0.147200
678	0.146200
679	0.146200
680	0.145600
681	0.142800
682	0.144000
683	0.143000
684	0.141600
685	0.142600
686	0.144600
687	0.144200
688	0.144600
689	0.147000
690	0.146000
691	0.144000
692	0.142200
693	0.143800
694	0.142400
695	0.141600
696	0.143600
697	0.141400
698	0.142200
699	0.142600
700	0.143000
701	0.141400
702	0.142200
703	0.143400
704	0.141800
705	0.143600
706	0.143800
707	0.144600
708	0.142800
709	0.143400
710	0.144200
711	0.141200
712	0.140600
713	0.140600
714	0.140600
715	0.138400
716	0.138400
717	0.136600
718	0.137600
719	0.138800
720	0.136000
721	0.133400
722	0.134200
723	0.135400
724	0.134000
725	0.134000
726	0.135000
727	0.134000
728	0.133800
729	0.133000
730	0.134000
731	0.132600
732	0.132200
733	0.132000
734	0.132200
735	0.132800
736	0.134000
737	0.134000
738	0.133000
739	0.131600
740	0.130600
741	0.126000
742	0.125200
743	0.125000
744	0.124600
745	0.125800
746	0.125400
747	0.125600
748	0.125800
749	0.125800
750	0.126000
751	0.125400
752	0.126200
753	0.125400
754	0.125800
755	0.125600
756	0.124400
757	0.124000
758	0.124800
759	0.124000
760	0.123000
761	0.120400
762	0.120200
763	0.119200
764	0.117800
765	0.120000
766	0.119800
767	0.119400
768	0.119600
769	0.119600
770	0.119400
771	0.118000
772	0.118600
773	0.118000
774	0.118800
775	0.118000
776	0.117200
777	0.116400
778	0.115000
779	0.116000
780	0.115400
781	0.111800
782	0.112000
783	0.111600
784	0.111400
785	0.113200
786	0.112400
787	0.112600
788	0.113000
789	0.113800
790	0.113400
791	0.113800
792	0.112800
793	0.111000
794	0.111200
795	0.109800
796	0.109400
797	0.108400
798	0.106400
799	0.107600
800	0.106600
801	0.103000
802	0.104200
803	0.103200
804	0.101800
805	0.103800
806	0.102600
807	0.102200
808	0.101800
809	0.101400
810	0.100800
811	0.100200
812	0.100000
813	0.098200
814	0.098200
815	0.096600
816	0.097200
817	0.096400
818	0.094800
819	0.094800
820	0.094400
821	0.092800
822	0.093200
823	0.092400
824	0.091400
825	0.092200
826	0.091000
827	0.091000
828	0.089200
829	0.087000
830	0.087200
831	0.087600
832	0.087200
833	0.086400
834	0.085600
835	0.085800
836	0.086000
837	0.085600
838	0.086200
839	0.086200
840	0.085200
841	0.083600
842	0.085200
843	0.084200
844	0.083000
845	0.085000
846	0.085000
847	0.085800
848	0.084600
849	0.084800
850	0.083800
851	0.084000
852	0.084200
853	0.082600
854	0.082600
855	0.080800
856	0.080400
857	0.080200
858	0.079200
859	0.080400
860	0.079200
861	0.078800
862	0.079000
863	0.078400
864	0.077800
865	0.077000
866	0.076400
867	0.076600
868	0.076400
869	0.074800
870	0.075400
871	0.076000
872	0.076000
873	0.074600
874	0.074600
875	0.074200
876	0.073600
877	0.072400
878	0.071800
879	0.072800
880	0.072400
881	0.069800
882	0.070000
883	0.069800
884	0.069400
885	0.069600
886	0.070000
887	0.071600
888	0.070400
889	0.069600
890	0.069200
891	0.069400
892	0.068200
893	0.067400
894	0.069000
895	0.067400
896	0.070000
897	0.070600
898	0.071400
899	0.073000
900	0.072000
901	0.070200
902	0.070400
903	0.069800
904	0.069800
905	0.069400
906	0.069600
907	0.069200
908	0.069400
909	0.069200
910	0.068600
911	0.068600
912	0.069600
913	0.068800
914	0.070200
915	0.069600
916	0.068800
917	0.068000
918	0.068200
919	0.066600
920	0.066000
921	0.065400
922	0.066000
923	0.065600
924	0.065800
925	0.066000
926	0.064800
927	0.065600
928	0.066800
929	0.066800
930	0.066800
931	0.066200
932	0.065600
933	0.065200
934	0.065200
935	0.064800
936	0.065800
937	0.066000
938	0.066200
939	0.066800
940	0.066200
941	0.066400
942	0.066200
943	0.065400
944	0.064600
945	0.065200
946	0.063200
947	0.064000
948	0.063800
949	0.063600
950	0.063800
951	0.063200
952	0.062200
953	0.061200
954	0.061200
955	0.061400
956	0.062600
957	0.061800
958	0.061800
959	0.064800
960	0.063200
961	0.062800
962	0.063000
963	0.061000
964	0.061000
965	0.061200
966	0.060600
967	0.060000
968	0.059200
969	0.059000
970	0.059400
971	0.060400
972	0.058800
973	0.058200
974	0.058200
975	0.058800
976	0.060000
977	0.060000
978	0.059600
979	0.062600
980	0.060400
981	0.060600
982	0.060200
983	0.059800
984	0.059200
985	0.059800
986	0.058000
987	0.057800
988	0.057400
989	0.057200
990	0.057000
991	0.057600
992	0.056600
993	0.056200
994	0.056600
995	0.056000
996	0.057800
997	0.057000
998	0.057000
999	0.058800
